Datetime,Close
2025-11-10 14:30:00+00:00,39.78499984741211
2025-11-10 14:31:00+00:00,39.7400016784668
2025-11-10 14:32:00+00:00,39.76499938964844
2025-11-10 14:33:00+00:00,39.76499938964844
2025-11-10 14:34:00+00:00,39.849998474121094
2025-11-10 14:35:00+00:00,39.790000915527344
2025-11-10 14:36:00+00:00,39.75239944458008
2025-11-10 14:37:00+00:00,39.81999969482422
2025-11-10 14:38:00+00:00,39.834999084472656
2025-11-10 14:39:00+00:00,39.834999084472656
2025-11-10 14:40:00+00:00,39.834999084472656
2025-11-10 14:41:00+00:00,39.84120178222656
2025-11-10 14:42:00+00:00,39.78499984741211
2025-11-10 14:43:00+00:00,39.93989944458008
2025-11-10 14:44:00+00:00,39.904998779296875
2025-11-10 14:45:00+00:00,39.97999954223633
2025-11-10 14:46:00+00:00,39.94499969482422
2025-11-10 14:47:00+00:00,40.05500030517578
2025-11-10 14:48:00+00:00,40.095001220703125
2025-11-10 14:49:00+00:00,40.03620147705078
2025-11-10 14:50:00+00:00,40.1150016784668
2025-11-10 14:51:00+00:00,40.125
2025-11-10 14:52:00+00:00,40.099998474121094
2025-11-10 14:53:00+00:00,40.095001220703125
2025-11-10 14:54:00+00:00,40.084999084472656
2025-11-10 14:55:00+00:00,40.064998626708984
2025-11-10 14:56:00+00:00,40.03499984741211
2025-11-10 14:57:00+00:00,40.0620002746582
2025-11-10 14:58:00+00:00,40.05139923095703
2025-11-10 14:59:00+00:00,40.005001068115234
2025-11-10 15:00:00+00:00,39.95500183105469
2025-11-10 15:01:00+00:00,40.019901275634766
2025-11-10 15:02:00+00:00,40.0
2025-11-10 15:03:00+00:00,39.9900016784668
2025-11-10 15:04:00+00:00,39.97010040283203
2025-11-10 15:05:00+00:00,39.91999816894531
2025-11-10 15:06:00+00:00,39.974998474121094
2025-11-10 15:07:00+00:00,40.029998779296875
2025-11-10 15:08:00+00:00,40.029998779296875
2025-11-10 15:09:00+00:00,40.04999923706055
2025-11-10 15:10:00+00:00,40.02000045776367
2025-11-10 15:11:00+00:00,40.059898376464844
2025-11-10 15:12:00+00:00,40.04999923706055
2025-11-10 15:13:00+00:00,40.05500030517578
2025-11-10 15:14:00+00:00,40.029998779296875
2025-11-10 15:15:00+00:00,40.005001068115234
2025-11-10 15:16:00+00:00,39.94499969482422
2025-11-10 15:17:00+00:00,39.94499969482422
2025-11-10 15:18:00+00:00,39.91400146484375
2025-11-10 15:19:00+00:00,39.92649841308594
2025-11-10 15:20:00+00:00,39.93000030517578
2025-11-10 15:21:00+00:00,39.915000915527344
2025-11-10 15:22:00+00:00,39.92499923706055
2025-11-10 15:23:00+00:00,39.95000076293945
2025-11-10 15:24:00+00:00,39.92499923706055
2025-11-10 15:25:00+00:00,39.89500045776367
2025-11-10 15:26:00+00:00,39.90010070800781
2025-11-10 15:27:00+00:00,39.89500045776367
2025-11-10 15:28:00+00:00,39.875
2025-11-10 15:29:00+00:00,39.875
2025-11-10 15:30:00+00:00,39.8650016784668
2025-11-10 15:31:00+00:00,39.89500045776367
2025-11-10 15:32:00+00:00,39.90010070800781
2025-11-10 15:33:00+00:00,39.89500045776367
2025-11-10 15:34:00+00:00,39.915000915527344
2025-11-10 15:35:00+00:00,39.91999816894531
2025-11-10 15:36:00+00:00,39.93000030517578
2025-11-10 15:37:00+00:00,39.900001525878906
2025-11-10 15:38:00+00:00,39.880001068115234
2025-11-10 15:39:00+00:00,39.88019943237305
2025-11-10 15:40:00+00:00,39.880001068115234
2025-11-10 15:41:00+00:00,39.939998626708984
2025-11-10 15:42:00+00:00,39.95000076293945
2025-11-10 15:43:00+00:00,39.900001525878906
2025-11-10 15:44:00+00:00,39.8650016784668
2025-11-10 15:45:00+00:00,39.8849983215332
2025-11-10 15:46:00+00:00,39.8849983215332
2025-11-10 15:47:00+00:00,39.88999938964844
2025-11-10 15:48:00+00:00,39.89509963989258
2025-11-10 15:49:00+00:00,39.900001525878906
2025-11-10 15:50:00+00:00,39.90290069580078
2025-11-10 15:51:00+00:00,39.93560028076172
2025-11-10 15:52:00+00:00,39.94499969482422
2025-11-10 15:53:00+00:00,39.93000030517578
2025-11-10 15:54:00+00:00,39.935001373291016
2025-11-10 15:55:00+00:00,39.96009826660156
2025-11-10 15:56:00+00:00,39.92499923706055
2025-11-10 15:57:00+00:00,39.915000915527344
2025-11-10 15:58:00+00:00,39.9099006652832
2025-11-10 15:59:00+00:00,39.91999816894531
2025-11-10 16:00:00+00:00,39.904998779296875
2025-11-10 16:01:00+00:00,39.90999984741211
2025-11-10 16:02:00+00:00,39.8849983215332
2025-11-10 16:03:00+00:00,39.875
2025-11-10 16:04:00+00:00,39.86410140991211
2025-11-10 16:05:00+00:00,39.850101470947266
2025-11-10 16:06:00+00:00,39.86000061035156
2025-11-10 16:07:00+00:00,39.845001220703125
2025-11-10 16:08:00+00:00,39.83000183105469
2025-11-10 16:09:00+00:00,39.845001220703125
2025-11-10 16:10:00+00:00,39.8650016784668
2025-11-10 16:11:00+00:00,39.869998931884766
2025-11-10 16:12:00+00:00,39.8849983215332
2025-11-10 16:13:00+00:00,39.8849983215332
2025-11-10 16:14:00+00:00,39.900001525878906
2025-11-10 16:15:00+00:00,39.85499954223633
2025-11-10 16:16:00+00:00,39.8650016784668
2025-11-10 16:17:00+00:00,39.85499954223633
2025-11-10 16:18:00+00:00,39.820098876953125
2025-11-10 16:19:00+00:00,39.810001373291016
2025-11-10 16:20:00+00:00,39.79999923706055
2025-11-10 16:21:00+00:00,39.80500030517578
2025-11-10 16:22:00+00:00,39.80500030517578
2025-11-10 16:23:00+00:00,39.814998626708984
2025-11-10 16:24:00+00:00,39.790000915527344
2025-11-10 16:25:00+00:00,39.79999923706055
2025-11-10 16:26:00+00:00,39.810001373291016
2025-11-10 16:27:00+00:00,39.79499816894531
2025-11-10 16:28:00+00:00,39.78499984741211
2025-11-10 16:29:00+00:00,39.775001525878906
2025-11-10 16:30:00+00:00,39.714500427246094
2025-11-10 16:31:00+00:00,39.707698822021484
2025-11-10 16:32:00+00:00,39.70000076293945
2025-11-10 16:33:00+00:00,39.71500015258789
2025-11-10 16:34:00+00:00,39.745601654052734
2025-11-10 16:35:00+00:00,39.744998931884766
2025-11-10 16:36:00+00:00,39.72999954223633
2025-11-10 16:37:00+00:00,39.709999084472656
2025-11-10 16:38:00+00:00,39.709999084472656
2025-11-10 16:39:00+00:00,39.71500015258789
2025-11-10 16:40:00+00:00,39.70000076293945
2025-11-10 16:41:00+00:00,39.68000030517578
2025-11-10 16:42:00+00:00,39.66999816894531
2025-11-10 16:43:00+00:00,39.65999984741211
2025-11-10 16:44:00+00:00,39.630001068115234
2025-11-10 16:45:00+00:00,39.619998931884766
2025-11-10 16:46:00+00:00,39.630001068115234
2025-11-10 16:47:00+00:00,39.630001068115234
2025-11-10 16:48:00+00:00,39.619998931884766
2025-11-10 16:49:00+00:00,39.619998931884766
2025-11-10 16:50:00+00:00,39.64500045776367
2025-11-10 16:51:00+00:00,39.64350128173828
2025-11-10 16:52:00+00:00,39.625
2025-11-10 16:53:00+00:00,39.625
2025-11-10 16:54:00+00:00,39.625
2025-11-10 16:55:00+00:00,39.625
2025-11-10 16:56:00+00:00,39.60499954223633
2025-11-10 16:57:00+00:00,39.59519958496094
2025-11-10 16:58:00+00:00,39.599998474121094
2025-11-10 16:59:00+00:00,39.60860061645508
2025-11-10 17:00:00+00:00,39.60029983520508
2025-11-10 17:01:00+00:00,39.584999084472656
2025-11-10 17:02:00+00:00,39.595001220703125
2025-11-10 17:03:00+00:00,39.5984992980957
2025-11-10 17:04:00+00:00,39.60499954223633
2025-11-10 17:05:00+00:00,39.599998474121094
2025-11-10 17:06:00+00:00,39.599998474121094
2025-11-10 17:07:00+00:00,39.60499954223633
2025-11-10 17:08:00+00:00,39.6150016784668
2025-11-10 17:09:00+00:00,39.6150016784668
2025-11-10 17:10:00+00:00,39.625
2025-11-10 17:11:00+00:00,39.6150016784668
2025-11-10 17:12:00+00:00,39.599998474121094
2025-11-10 17:13:00+00:00,39.599998474121094
2025-11-10 17:14:00+00:00,39.60200119018555
2025-11-10 17:15:00+00:00,39.60499954223633
2025-11-10 17:16:00+00:00,39.605098724365234
2025-11-10 17:17:00+00:00,39.60449981689453
2025-11-10 17:18:00+00:00,39.599998474121094
2025-11-10 17:19:00+00:00,39.615501403808594
2025-11-10 17:20:00+00:00,39.614200592041016
2025-11-10 17:21:00+00:00,39.61650085449219
2025-11-10 17:22:00+00:00,39.595001220703125
2025-11-10 17:23:00+00:00,39.6150016784668
2025-11-10 17:24:00+00:00,39.6150016784668
2025-11-10 17:25:00+00:00,39.619998931884766
2025-11-10 17:26:00+00:00,39.619998931884766
2025-11-10 17:27:00+00:00,39.599998474121094
2025-11-10 17:28:00+00:00,39.59989929199219
2025-11-10 17:29:00+00:00,39.595001220703125
2025-11-10 17:30:00+00:00,39.580501556396484
2025-11-10 17:31:00+00:00,39.59000015258789
2025-11-10 17:32:00+00:00,39.58420181274414
2025-11-10 17:33:00+00:00,39.584999084472656
2025-11-10 17:34:00+00:00,39.58000183105469
2025-11-10 17:35:00+00:00,39.595001220703125
2025-11-10 17:36:00+00:00,39.60499954223633
2025-11-10 17:37:00+00:00,39.61029815673828
2025-11-10 17:38:00+00:00,39.6150016784668
2025-11-10 17:39:00+00:00,39.625
2025-11-10 17:40:00+00:00,39.665000915527344
2025-11-10 17:41:00+00:00,39.67499923706055
2025-11-10 17:42:00+00:00,39.665000915527344
2025-11-10 17:43:00+00:00,39.66709899902344
2025-11-10 17:44:00+00:00,39.66999816894531
2025-11-10 17:45:00+00:00,39.665000915527344
2025-11-10 17:46:00+00:00,39.67499923706055
2025-11-10 17:47:00+00:00,39.67499923706055
2025-11-10 17:48:00+00:00,39.66999816894531
2025-11-10 17:49:00+00:00,39.685001373291016
2025-11-10 17:50:00+00:00,39.68550109863281
2025-11-10 17:51:00+00:00,39.70389938354492
2025-11-10 17:52:00+00:00,39.70500183105469
2025-11-10 17:53:00+00:00,39.70500183105469
2025-11-10 17:54:00+00:00,39.70500183105469
2025-11-10 17:55:00+00:00,39.72774887084961
2025-11-10 17:56:00+00:00,39.70500183105469
2025-11-10 17:57:00+00:00,39.685001373291016
2025-11-10 17:58:00+00:00,39.66999816894531
2025-11-10 17:59:00+00:00,39.68000030517578
2025-11-10 18:00:00+00:00,39.67499923706055
2025-11-10 18:01:00+00:00,39.69499969482422
2025-11-10 18:02:00+00:00,39.720001220703125
2025-11-10 18:03:00+00:00,39.7140998840332
2025-11-10 18:04:00+00:00,39.70009994506836
2025-11-10 18:05:00+00:00,39.70500183105469
2025-11-10 18:06:00+00:00,39.7150993347168
2025-11-10 18:07:00+00:00,39.724998474121094
2025-11-10 18:08:00+00:00,39.724998474121094
2025-11-10 18:09:00+00:00,39.725799560546875
2025-11-10 18:10:00+00:00,39.71009826660156
2025-11-10 18:11:00+00:00,39.70773696899414
2025-11-10 18:12:00+00:00,39.71500015258789
2025-11-10 18:13:00+00:00,39.72999954223633
2025-11-10 18:14:00+00:00,39.75
2025-11-10 18:15:00+00:00,39.734500885009766
2025-11-10 18:16:00+00:00,39.744998931884766
2025-11-10 18:17:00+00:00,39.744998931884766
2025-11-10 18:18:00+00:00,39.769901275634766
2025-11-10 18:19:00+00:00,39.7599983215332
2025-11-10 18:20:00+00:00,39.775001525878906
2025-11-10 18:21:00+00:00,39.71500015258789
2025-11-10 18:22:00+00:00,39.71989822387695
2025-11-10 18:23:00+00:00,39.71500015258789
2025-11-10 18:24:00+00:00,39.720001220703125
2025-11-10 18:25:00+00:00,39.724998474121094
2025-11-10 18:26:00+00:00,39.72990036010742
2025-11-10 18:27:00+00:00,39.72999954223633
2025-11-10 18:28:00+00:00,39.709999084472656
2025-11-10 18:29:00+00:00,39.69020080566406
2025-11-10 18:30:00+00:00,39.69499969482422
2025-11-10 18:31:00+00:00,39.68989944458008
2025-11-10 18:32:00+00:00,39.73500061035156
2025-11-10 18:33:00+00:00,39.744998931884766
2025-11-10 18:34:00+00:00,39.7400016784668
2025-11-10 18:35:00+00:00,39.73500061035156
2025-11-10 18:36:00+00:00,39.7400016784668
2025-11-10 18:37:00+00:00,39.74589920043945
2025-11-10 18:38:00+00:00,39.73500061035156
2025-11-10 18:39:00+00:00,39.724998474121094
2025-11-10 18:40:00+00:00,39.724998474121094
2025-11-10 18:41:00+00:00,39.720001220703125
2025-11-10 18:42:00+00:00,39.7400016784668
2025-11-10 18:43:00+00:00,39.756500244140625
2025-11-10 18:44:00+00:00,39.749900817871094
2025-11-10 18:45:00+00:00,39.755001068115234
2025-11-10 18:46:00+00:00,39.75
2025-11-10 18:47:00+00:00,39.74100112915039
2025-11-10 18:48:00+00:00,39.75
2025-11-10 18:49:00+00:00,39.744998931884766
2025-11-10 18:50:00+00:00,39.73500061035156
2025-11-10 18:51:00+00:00,39.739898681640625
2025-11-10 18:52:00+00:00,39.755001068115234
2025-11-10 18:53:00+00:00,39.77000045776367
2025-11-10 18:54:00+00:00,39.77000045776367
2025-11-10 18:55:00+00:00,39.77000045776367
2025-11-10 18:56:00+00:00,39.760101318359375
2025-11-10 18:57:00+00:00,39.76499938964844
2025-11-10 18:58:00+00:00,39.74509811401367
2025-11-10 18:59:00+00:00,39.744998931884766
2025-11-10 19:00:00+00:00,39.76319885253906
2025-11-10 19:01:00+00:00,39.77989959716797
2025-11-10 19:02:00+00:00,39.80500030517578
2025-11-10 19:03:00+00:00,39.79410171508789
2025-11-10 19:04:00+00:00,39.779998779296875
2025-11-10 19:05:00+00:00,39.73500061035156
2025-11-10 19:06:00+00:00,39.709999084472656
2025-11-10 19:07:00+00:00,39.724998474121094
2025-11-10 19:08:00+00:00,39.709999084472656
2025-11-10 19:09:00+00:00,39.70500183105469
2025-11-10 19:10:00+00:00,39.720001220703125
2025-11-10 19:11:00+00:00,39.71500015258789
2025-11-10 19:12:00+00:00,39.71500015258789
2025-11-10 19:13:00+00:00,39.71500015258789
2025-11-10 19:14:00+00:00,39.724998474121094
2025-11-10 19:15:00+00:00,39.71500015258789
2025-11-10 19:16:00+00:00,39.689998626708984
2025-11-10 19:17:00+00:00,39.70560073852539
2025-11-10 19:18:00+00:00,39.720001220703125
2025-11-10 19:19:00+00:00,39.709999084472656
2025-11-10 19:20:00+00:00,39.70500183105469
2025-11-10 19:21:00+00:00,39.71500015258789
2025-11-10 19:22:00+00:00,39.69499969482422
2025-11-10 19:23:00+00:00,39.6974983215332
2025-11-10 19:24:00+00:00,39.723899841308594
2025-11-10 19:25:00+00:00,39.70412063598633
2025-11-10 19:26:00+00:00,39.71500015258789
2025-11-10 19:27:00+00:00,39.726402282714844
2025-11-10 19:28:00+00:00,39.71500015258789
2025-11-10 19:29:00+00:00,39.720001220703125
2025-11-10 19:30:00+00:00,39.71500015258789
2025-11-10 19:31:00+00:00,39.71500015258789
2025-11-10 19:32:00+00:00,39.71500015258789
2025-11-10 19:33:00+00:00,39.689998626708984
2025-11-10 19:34:00+00:00,39.69499969482422
2025-11-10 19:35:00+00:00,39.71500015258789
2025-11-10 19:36:00+00:00,39.709999084472656
2025-11-10 19:37:00+00:00,39.70500183105469
2025-11-10 19:38:00+00:00,39.704498291015625
2025-11-10 19:39:00+00:00,39.70500183105469
2025-11-10 19:40:00+00:00,39.70500183105469
2025-11-10 19:41:00+00:00,39.70000076293945
2025-11-10 19:42:00+00:00,39.7150993347168
2025-11-10 19:43:00+00:00,39.70000076293945
2025-11-10 19:44:00+00:00,39.720001220703125
2025-11-10 19:45:00+00:00,39.724998474121094
2025-11-10 19:46:00+00:00,39.72549819946289
2025-11-10 19:47:00+00:00,39.720001220703125
2025-11-10 19:48:00+00:00,39.724998474121094
2025-11-10 19:49:00+00:00,39.744998931884766
2025-11-10 19:50:00+00:00,39.744998931884766
2025-11-10 19:51:00+00:00,39.7400016784668
2025-11-10 19:52:00+00:00,39.7599983215332
2025-11-10 19:53:00+00:00,39.744998931884766
2025-11-10 19:54:00+00:00,39.7400016784668
2025-11-10 19:55:00+00:00,39.7400016784668
2025-11-10 19:56:00+00:00,39.744998931884766
2025-11-10 19:57:00+00:00,39.72999954223633
2025-11-10 19:58:00+00:00,39.72990036010742
2025-11-10 19:59:00+00:00,39.73500061035156
2025-11-10 20:00:00+00:00,39.71500015258789
2025-11-10 20:01:00+00:00,39.71500015258789
2025-11-10 20:02:00+00:00,39.70000076293945
2025-11-10 20:03:00+00:00,39.70500183105469
2025-11-10 20:04:00+00:00,39.724998474121094
2025-11-10 20:05:00+00:00,39.724998474121094
2025-11-10 20:06:00+00:00,39.709999084472656
2025-11-10 20:07:00+00:00,39.720001220703125
2025-11-10 20:08:00+00:00,39.724998474121094
2025-11-10 20:09:00+00:00,39.71549987792969
2025-11-10 20:10:00+00:00,39.73500061035156
2025-11-10 20:11:00+00:00,39.73500061035156
2025-11-10 20:12:00+00:00,39.7400016784668
2025-11-10 20:13:00+00:00,39.7400016784668
2025-11-10 20:14:00+00:00,39.74980163574219
2025-11-10 20:15:00+00:00,39.7400016784668
2025-11-10 20:16:00+00:00,39.73500061035156
2025-11-10 20:17:00+00:00,39.755001068115234
2025-11-10 20:18:00+00:00,39.755001068115234
2025-11-10 20:19:00+00:00,39.76499938964844
2025-11-10 20:20:00+00:00,39.7599983215332
2025-11-10 20:21:00+00:00,39.755001068115234
2025-11-10 20:22:00+00:00,39.755001068115234
2025-11-10 20:23:00+00:00,39.755001068115234
2025-11-10 20:24:00+00:00,39.75
2025-11-10 20:25:00+00:00,39.755001068115234
2025-11-10 20:26:00+00:00,39.72999954223633
2025-11-10 20:27:00+00:00,39.75
2025-11-10 20:28:00+00:00,39.75
2025-11-10 20:29:00+00:00,39.7400016784668
2025-11-10 20:30:00+00:00,39.75
2025-11-10 20:31:00+00:00,39.7400016784668
2025-11-10 20:32:00+00:00,39.739898681640625
2025-11-10 20:33:00+00:00,39.73500061035156
2025-11-10 20:34:00+00:00,39.724998474121094
2025-11-10 20:35:00+00:00,39.71500015258789
2025-11-10 20:36:00+00:00,39.744998931884766
2025-11-10 20:37:00+00:00,39.73500061035156
2025-11-10 20:38:00+00:00,39.7599983215332
2025-11-10 20:39:00+00:00,39.75
2025-11-10 20:40:00+00:00,39.749900817871094
2025-11-10 20:41:00+00:00,39.75
2025-11-10 20:42:00+00:00,39.75559997558594
2025-11-10 20:43:00+00:00,39.744998931884766
2025-11-10 20:44:00+00:00,39.744998931884766
2025-11-10 20:45:00+00:00,39.72999954223633
2025-11-10 20:46:00+00:00,39.73500061035156
2025-11-10 20:47:00+00:00,39.71989822387695
2025-11-10 20:48:00+00:00,39.720001220703125
2025-11-10 20:49:00+00:00,39.71500015258789
2025-11-10 20:50:00+00:00,39.73460006713867
2025-11-10 20:51:00+00:00,39.7599983215332
2025-11-10 20:52:00+00:00,39.79499816894531
2025-11-10 20:53:00+00:00,39.825801849365234
2025-11-10 20:54:00+00:00,39.814998626708984
2025-11-10 20:55:00+00:00,39.795799255371094
2025-11-10 20:56:00+00:00,39.79999923706055
2025-11-10 20:57:00+00:00,39.80500030517578
2025-11-10 20:58:00+00:00,39.82500076293945
2025-11-10 20:59:00+00:00,39.849998474121094
2025-11-11 14:30:00+00:00,40.15999984741211
2025-11-11 14:31:00+00:00,40.15999984741211
2025-11-11 14:32:00+00:00,40.11220169067383
2025-11-11 14:33:00+00:00,40.1150016784668
2025-11-11 14:34:00+00:00,40.10499954223633
2025-11-11 14:35:00+00:00,40.22200012207031
2025-11-11 14:36:00+00:00,40.22999954223633
2025-11-11 14:37:00+00:00,40.26499938964844
2025-11-11 14:38:00+00:00,40.22999954223633
2025-11-11 14:39:00+00:00,40.239898681640625
2025-11-11 14:40:00+00:00,40.255001068115234
2025-11-11 14:41:00+00:00,40.23500061035156
2025-11-11 14:42:00+00:00,40.2400016784668
2025-11-11 14:43:00+00:00,40.189998626708984
2025-11-11 14:44:00+00:00,40.165000915527344
2025-11-11 14:45:00+00:00,40.17499923706055
2025-11-11 14:46:00+00:00,40.165000915527344
2025-11-11 14:47:00+00:00,40.20500183105469
2025-11-11 14:48:00+00:00,40.2135009765625
2025-11-11 14:49:00+00:00,40.240299224853516
2025-11-11 14:50:00+00:00,40.26499938964844
2025-11-11 14:51:00+00:00,40.26390075683594
2025-11-11 14:52:00+00:00,40.30500030517578
2025-11-11 14:53:00+00:00,40.29999923706055
2025-11-11 14:54:00+00:00,40.35499954223633
2025-11-11 14:55:00+00:00,40.375
2025-11-11 14:56:00+00:00,40.31610107421875
2025-11-11 14:57:00+00:00,40.28499984741211
2025-11-11 14:58:00+00:00,40.255001068115234
2025-11-11 14:59:00+00:00,40.20069885253906
2025-11-11 15:00:00+00:00,40.255001068115234
2025-11-11 15:01:00+00:00,40.255001068115234
2025-11-11 15:02:00+00:00,40.29499816894531
2025-11-11 15:03:00+00:00,40.23500061035156
2025-11-11 15:04:00+00:00,40.25469970703125
2025-11-11 15:05:00+00:00,40.29650115966797
2025-11-11 15:06:00+00:00,40.30500030517578
2025-11-11 15:07:00+00:00,40.29499816894531
2025-11-11 15:08:00+00:00,40.28499984741211
2025-11-11 15:09:00+00:00,40.28499984741211
2025-11-11 15:10:00+00:00,40.314998626708984
2025-11-11 15:11:00+00:00,40.31999969482422
2025-11-11 15:12:00+00:00,40.28499984741211
2025-11-11 15:13:00+00:00,40.29499816894531
2025-11-11 15:14:00+00:00,40.28499984741211
2025-11-11 15:15:00+00:00,40.290000915527344
2025-11-11 15:16:00+00:00,40.32500076293945
2025-11-11 15:17:00+00:00,40.345001220703125
2025-11-11 15:18:00+00:00,40.32500076293945
2025-11-11 15:19:00+00:00,40.345001220703125
2025-11-11 15:20:00+00:00,40.36009979248047
2025-11-11 15:21:00+00:00,40.380001068115234
2025-11-11 15:22:00+00:00,40.37009811401367
2025-11-11 15:23:00+00:00,40.375
2025-11-11 15:24:00+00:00,40.334999084472656
2025-11-11 15:25:00+00:00,40.334999084472656
2025-11-11 15:26:00+00:00,40.372501373291016
2025-11-11 15:27:00+00:00,40.39509963989258
2025-11-11 15:28:00+00:00,40.404998779296875
2025-11-11 15:29:00+00:00,40.40010070800781
2025-11-11 15:30:00+00:00,40.42499923706055
2025-11-11 15:31:00+00:00,40.42396926879883
2025-11-11 15:32:00+00:00,40.41550064086914
2025-11-11 15:33:00+00:00,40.420101165771484
2025-11-11 15:34:00+00:00,40.439998626708984
2025-11-11 15:35:00+00:00,40.42499923706055
2025-11-11 15:36:00+00:00,40.415000915527344
2025-11-11 15:37:00+00:00,40.41550064086914
2025-11-11 15:38:00+00:00,40.43000030517578
2025-11-11 15:39:00+00:00,40.45000076293945
2025-11-11 15:40:00+00:00,40.45500183105469
2025-11-11 15:41:00+00:00,40.44499969482422
2025-11-11 15:42:00+00:00,40.439998626708984
2025-11-11 15:43:00+00:00,40.435001373291016
2025-11-11 15:44:00+00:00,40.431400299072266
2025-11-11 15:45:00+00:00,40.459999084472656
2025-11-11 15:46:00+00:00,40.48500061035156
2025-11-11 15:47:00+00:00,40.480201721191406
2025-11-11 15:48:00+00:00,40.470001220703125
2025-11-11 15:49:00+00:00,40.45000076293945
2025-11-11 15:50:00+00:00,40.43009948730469
2025-11-11 15:51:00+00:00,40.47999954223633
2025-11-11 15:52:00+00:00,40.48500061035156
2025-11-11 15:53:00+00:00,40.505001068115234
2025-11-11 15:54:00+00:00,40.50550079345703
2025-11-11 15:55:00+00:00,40.48500061035156
2025-11-11 15:56:00+00:00,40.48500061035156
2025-11-11 15:57:00+00:00,40.474998474121094
2025-11-11 15:58:00+00:00,40.44499969482422
2025-11-11 15:59:00+00:00,40.44499969482422
2025-11-11 16:00:00+00:00,40.44499969482422
2025-11-11 16:01:00+00:00,40.45989990234375
2025-11-11 16:02:00+00:00,40.459999084472656
2025-11-11 16:03:00+00:00,40.4900016784668
2025-11-11 16:04:00+00:00,40.505001068115234
2025-11-11 16:05:00+00:00,40.505401611328125
2025-11-11 16:06:00+00:00,40.52510070800781
2025-11-11 16:07:00+00:00,40.53499984741211
2025-11-11 16:08:00+00:00,40.53419876098633
2025-11-11 16:09:00+00:00,40.55550003051758
2025-11-11 16:10:00+00:00,40.54499816894531
2025-11-11 16:11:00+00:00,40.535099029541016
2025-11-11 16:12:00+00:00,40.53499984741211
2025-11-11 16:13:00+00:00,40.525001525878906
2025-11-11 16:14:00+00:00,40.51499938964844
2025-11-11 16:15:00+00:00,40.51499938964844
2025-11-11 16:16:00+00:00,40.5
2025-11-11 16:17:00+00:00,40.494998931884766
2025-11-11 16:18:00+00:00,40.4900016784668
2025-11-11 16:19:00+00:00,40.505001068115234
2025-11-11 16:20:00+00:00,40.505001068115234
2025-11-11 16:21:00+00:00,40.52000045776367
2025-11-11 16:22:00+00:00,40.525001525878906
2025-11-11 16:23:00+00:00,40.54999923706055
2025-11-11 16:24:00+00:00,40.51499938964844
2025-11-11 16:25:00+00:00,40.505001068115234
2025-11-11 16:26:00+00:00,40.5
2025-11-11 16:27:00+00:00,40.525001525878906
2025-11-11 16:28:00+00:00,40.53150177001953
2025-11-11 16:29:00+00:00,40.525001525878906
2025-11-11 16:30:00+00:00,40.564998626708984
2025-11-11 16:31:00+00:00,40.57500076293945
2025-11-11 16:32:00+00:00,40.52450180053711
2025-11-11 16:33:00+00:00,40.525001525878906
2025-11-11 16:34:00+00:00,40.56010055541992
2025-11-11 16:35:00+00:00,40.564998626708984
2025-11-11 16:36:00+00:00,40.564998626708984
2025-11-11 16:37:00+00:00,40.570098876953125
2025-11-11 16:38:00+00:00,40.56010055541992
2025-11-11 16:39:00+00:00,40.57500076293945
2025-11-11 16:40:00+00:00,40.564998626708984
2025-11-11 16:41:00+00:00,40.584999084472656
2025-11-11 16:42:00+00:00,40.584999084472656
2025-11-11 16:43:00+00:00,40.58000183105469
2025-11-11 16:44:00+00:00,40.584999084472656
2025-11-11 16:45:00+00:00,40.58000183105469
2025-11-11 16:46:00+00:00,40.59550094604492
2025-11-11 16:47:00+00:00,40.60499954223633
2025-11-11 16:48:00+00:00,40.60499954223633
2025-11-11 16:49:00+00:00,40.595001220703125
2025-11-11 16:50:00+00:00,40.59000015258789
2025-11-11 16:51:00+00:00,40.595001220703125
2025-11-11 16:52:00+00:00,40.61000061035156
2025-11-11 16:53:00+00:00,40.599998474121094
2025-11-11 16:54:00+00:00,40.619998931884766
2025-11-11 16:55:00+00:00,40.619998931884766
2025-11-11 16:56:00+00:00,40.619998931884766
2025-11-11 16:57:00+00:00,40.625
2025-11-11 16:58:00+00:00,40.6150016784668
2025-11-11 16:59:00+00:00,40.61989974975586
2025-11-11 17:00:00+00:00,40.60139846801758
2025-11-11 17:01:00+00:00,40.619998931884766
2025-11-11 17:02:00+00:00,40.61000061035156
2025-11-11 17:03:00+00:00,40.60499954223633
2025-11-11 17:04:00+00:00,40.61000061035156
2025-11-11 17:05:00+00:00,40.59000015258789
2025-11-11 17:06:00+00:00,40.58000183105469
2025-11-11 17:07:00+00:00,40.564998626708984
2025-11-11 17:08:00+00:00,40.584999084472656
2025-11-11 17:09:00+00:00,40.56999969482422
2025-11-11 17:10:00+00:00,40.584999084472656
2025-11-11 17:11:00+00:00,40.584999084472656
2025-11-11 17:12:00+00:00,40.570098876953125
2025-11-11 17:13:00+00:00,40.56650161743164
2025-11-11 17:14:00+00:00,40.57500076293945
2025-11-11 17:15:00+00:00,40.57716369628906
2025-11-11 17:16:00+00:00,40.57500076293945
2025-11-11 17:17:00+00:00,40.57500076293945
2025-11-11 17:18:00+00:00,40.564998626708984
2025-11-11 17:19:00+00:00,40.55500030517578
2025-11-11 17:20:00+00:00,40.56999969482422
2025-11-11 17:21:00+00:00,40.574798583984375
2025-11-11 17:22:00+00:00,40.595001220703125
2025-11-11 17:23:00+00:00,40.619998931884766
2025-11-11 17:24:00+00:00,40.6150016784668
2025-11-11 17:25:00+00:00,40.59550094604492
2025-11-11 17:26:00+00:00,40.61000061035156
2025-11-11 17:27:00+00:00,40.60499954223633
2025-11-11 17:28:00+00:00,40.60499954223633
2025-11-11 17:29:00+00:00,40.60499954223633
2025-11-11 17:30:00+00:00,40.595001220703125
2025-11-11 17:31:00+00:00,40.59199905395508
2025-11-11 17:32:00+00:00,40.595001220703125
2025-11-11 17:33:00+00:00,40.584999084472656
2025-11-11 17:34:00+00:00,40.60649871826172
2025-11-11 17:35:00+00:00,40.600101470947266
2025-11-11 17:36:00+00:00,40.60499954223633
2025-11-11 17:37:00+00:00,40.61000061035156
2025-11-11 17:38:00+00:00,40.625
2025-11-11 17:39:00+00:00,40.625
2025-11-11 17:40:00+00:00,40.6254997253418
2025-11-11 17:41:00+00:00,40.6349983215332
2025-11-11 17:42:00+00:00,40.654998779296875
2025-11-11 17:43:00+00:00,40.6349983215332
2025-11-11 17:44:00+00:00,40.6349983215332
2025-11-11 17:45:00+00:00,40.625
2025-11-11 17:46:00+00:00,40.625
2025-11-11 17:47:00+00:00,40.625
2025-11-11 17:48:00+00:00,40.62089920043945
2025-11-11 17:49:00+00:00,40.635101318359375
2025-11-11 17:50:00+00:00,40.63990020751953
2025-11-11 17:51:00+00:00,40.63999938964844
2025-11-11 17:52:00+00:00,40.625
2025-11-11 17:53:00+00:00,40.6150016784668
2025-11-11 17:54:00+00:00,40.635501861572266
2025-11-11 17:55:00+00:00,40.6150016784668
2025-11-11 17:56:00+00:00,40.625
2025-11-11 17:57:00+00:00,40.61000061035156
2025-11-11 17:58:00+00:00,40.625
2025-11-11 17:59:00+00:00,40.625
2025-11-11 18:00:00+00:00,40.64500045776367
2025-11-11 18:01:00+00:00,40.6515007019043
2025-11-11 18:02:00+00:00,40.65999984741211
2025-11-11 18:03:00+00:00,40.65449905395508
2025-11-11 18:04:00+00:00,40.654998779296875
2025-11-11 18:05:00+00:00,40.64500045776367
2025-11-11 18:06:00+00:00,40.625
2025-11-11 18:07:00+00:00,40.6349983215332
2025-11-11 18:08:00+00:00,40.63999938964844
2025-11-11 18:09:00+00:00,40.64500045776367
2025-11-11 18:10:00+00:00,40.64500045776367
2025-11-11 18:11:00+00:00,40.65010070800781
2025-11-11 18:12:00+00:00,40.64509963989258
2025-11-11 18:13:00+00:00,40.640098571777344
2025-11-11 18:14:00+00:00,40.63999938964844
2025-11-11 18:15:00+00:00,40.6349983215332
2025-11-11 18:16:00+00:00,40.6349983215332
2025-11-11 18:17:00+00:00,40.64500045776367
2025-11-11 18:18:00+00:00,40.66170120239258
2025-11-11 18:19:00+00:00,40.665000915527344
2025-11-11 18:20:00+00:00,40.68000030517578
2025-11-11 18:21:00+00:00,40.64500045776367
2025-11-11 18:22:00+00:00,40.665000915527344
2025-11-11 18:23:00+00:00,40.65999984741211
2025-11-11 18:24:00+00:00,40.679901123046875
2025-11-11 18:25:00+00:00,40.68000030517578
2025-11-11 18:26:00+00:00,40.675201416015625
2025-11-11 18:27:00+00:00,40.67499923706055
2025-11-11 18:28:00+00:00,40.68000030517578
2025-11-11 18:29:00+00:00,40.685001373291016
2025-11-11 18:30:00+00:00,40.70500183105469
2025-11-11 18:31:00+00:00,40.685001373291016
2025-11-11 18:32:00+00:00,40.70159912109375
2025-11-11 18:33:00+00:00,40.685001373291016
2025-11-11 18:34:00+00:00,40.665000915527344
2025-11-11 18:35:00+00:00,40.643001556396484
2025-11-11 18:36:00+00:00,40.665000915527344
2025-11-11 18:37:00+00:00,40.665000915527344
2025-11-11 18:38:00+00:00,40.654998779296875
2025-11-11 18:39:00+00:00,40.630001068115234
2025-11-11 18:40:00+00:00,40.6349983215332
2025-11-11 18:41:00+00:00,40.60499954223633
2025-11-11 18:42:00+00:00,40.6150016784668
2025-11-11 18:43:00+00:00,40.63999938964844
2025-11-11 18:44:00+00:00,40.64509963989258
2025-11-11 18:45:00+00:00,40.63010025024414
2025-11-11 18:46:00+00:00,40.637901306152344
2025-11-11 18:47:00+00:00,40.630001068115234
2025-11-11 18:48:00+00:00,40.625
2025-11-11 18:49:00+00:00,40.62009811401367
2025-11-11 18:50:00+00:00,40.6349983215332
2025-11-11 18:51:00+00:00,40.6349983215332
2025-11-11 18:52:00+00:00,40.630001068115234
2025-11-11 18:53:00+00:00,40.595001220703125
2025-11-11 18:54:00+00:00,40.59510040283203
2025-11-11 18:55:00+00:00,40.619998931884766
2025-11-11 18:56:00+00:00,40.6150016784668
2025-11-11 18:57:00+00:00,40.6150016784668
2025-11-11 18:58:00+00:00,40.595001220703125
2025-11-11 18:59:00+00:00,40.596500396728516
2025-11-11 19:00:00+00:00,40.595001220703125
2025-11-11 19:01:00+00:00,40.595001220703125
2025-11-11 19:02:00+00:00,40.584999084472656
2025-11-11 19:03:00+00:00,40.57419967651367
2025-11-11 19:04:00+00:00,40.56549835205078
2025-11-11 19:05:00+00:00,40.560001373291016
2025-11-11 19:06:00+00:00,40.56549835205078
2025-11-11 19:07:00+00:00,40.564998626708984
2025-11-11 19:08:00+00:00,40.584999084472656
2025-11-11 19:09:00+00:00,40.58449935913086
2025-11-11 19:10:00+00:00,40.584999084472656
2025-11-11 19:11:00+00:00,40.59000015258789
2025-11-11 19:12:00+00:00,40.595001220703125
2025-11-11 19:13:00+00:00,40.58000183105469
2025-11-11 19:14:00+00:00,40.5703010559082
2025-11-11 19:15:00+00:00,40.564998626708984
2025-11-11 19:16:00+00:00,40.63370132446289
2025-11-11 19:17:00+00:00,40.63999938964844
2025-11-11 19:18:00+00:00,40.6150016784668
2025-11-11 19:19:00+00:00,40.625
2025-11-11 19:20:00+00:00,40.61650085449219
2025-11-11 19:21:00+00:00,40.6150016784668
2025-11-11 19:22:00+00:00,40.6349983215332
2025-11-11 19:23:00+00:00,40.640098571777344
2025-11-11 19:24:00+00:00,40.63999938964844
2025-11-11 19:25:00+00:00,40.63999938964844
2025-11-11 19:26:00+00:00,40.654998779296875
2025-11-11 19:27:00+00:00,40.654998779296875
2025-11-11 19:28:00+00:00,40.650001525878906
2025-11-11 19:29:00+00:00,40.64500045776367
2025-11-11 19:30:00+00:00,40.654998779296875
2025-11-11 19:31:00+00:00,40.644100189208984
2025-11-11 19:32:00+00:00,40.654998779296875
2025-11-11 19:33:00+00:00,40.650001525878906
2025-11-11 19:34:00+00:00,40.654998779296875
2025-11-11 19:35:00+00:00,40.660099029541016
2025-11-11 19:36:00+00:00,40.654998779296875
2025-11-11 19:37:00+00:00,40.650901794433594
2025-11-11 19:38:00+00:00,40.654998779296875
2025-11-11 19:39:00+00:00,40.65999984741211
2025-11-11 19:40:00+00:00,40.654998779296875
2025-11-11 19:41:00+00:00,40.654998779296875
2025-11-11 19:42:00+00:00,40.654998779296875
2025-11-11 19:43:00+00:00,40.650001525878906
2025-11-11 19:44:00+00:00,40.66999816894531
2025-11-11 19:45:00+00:00,40.64500045776367
2025-11-11 19:46:00+00:00,40.650001525878906
2025-11-11 19:47:00+00:00,40.654998779296875
2025-11-11 19:48:00+00:00,40.650001525878906
2025-11-11 19:49:00+00:00,40.68000030517578
2025-11-11 19:50:00+00:00,40.674198150634766
2025-11-11 19:51:00+00:00,40.67499923706055
2025-11-11 19:52:00+00:00,40.665000915527344
2025-11-11 19:53:00+00:00,40.665000915527344
2025-11-11 19:54:00+00:00,40.665000915527344
2025-11-11 19:55:00+00:00,40.67390060424805
2025-11-11 19:56:00+00:00,40.68450164794922
2025-11-11 19:57:00+00:00,40.69499969482422
2025-11-11 19:58:00+00:00,40.67499923706055
2025-11-11 19:59:00+00:00,40.69499969482422
2025-11-11 20:00:00+00:00,40.685001373291016
2025-11-11 20:01:00+00:00,40.71500015258789
2025-11-11 20:02:00+00:00,40.70500183105469
2025-11-11 20:03:00+00:00,40.720001220703125
2025-11-11 20:04:00+00:00,40.73500061035156
2025-11-11 20:05:00+00:00,40.7400016784668
2025-11-11 20:06:00+00:00,40.73500061035156
2025-11-11 20:07:00+00:00,40.73649978637695
2025-11-11 20:08:00+00:00,40.744998931884766
2025-11-11 20:09:00+00:00,40.75
2025-11-11 20:10:00+00:00,40.744998931884766
2025-11-11 20:11:00+00:00,40.744998931884766
2025-11-11 20:12:00+00:00,40.724998474121094
2025-11-11 20:13:00+00:00,40.7400016784668
2025-11-11 20:14:00+00:00,40.720001220703125
2025-11-11 20:15:00+00:00,40.733001708984375
2025-11-11 20:16:00+00:00,40.725799560546875
2025-11-11 20:17:00+00:00,40.724998474121094
2025-11-11 20:18:00+00:00,40.71500015258789
2025-11-11 20:19:00+00:00,40.720001220703125
2025-11-11 20:20:00+00:00,40.709999084472656
2025-11-11 20:21:00+00:00,40.724998474121094
2025-11-11 20:22:00+00:00,40.731201171875
2025-11-11 20:23:00+00:00,40.73550033569336
2025-11-11 20:24:00+00:00,40.73500061035156
2025-11-11 20:25:00+00:00,40.73500061035156
2025-11-11 20:26:00+00:00,40.7599983215332
2025-11-11 20:27:00+00:00,40.75
2025-11-11 20:28:00+00:00,40.7599983215332
2025-11-11 20:29:00+00:00,40.7598991394043
2025-11-11 20:30:00+00:00,40.73500061035156
2025-11-11 20:31:00+00:00,40.724998474121094
2025-11-11 20:32:00+00:00,40.730098724365234
2025-11-11 20:33:00+00:00,40.744998931884766
2025-11-11 20:34:00+00:00,40.724998474121094
2025-11-11 20:35:00+00:00,40.720001220703125
2025-11-11 20:36:00+00:00,40.72999954223633
2025-11-11 20:37:00+00:00,40.72549819946289
2025-11-11 20:38:00+00:00,40.71500015258789
2025-11-11 20:39:00+00:00,40.71500015258789
2025-11-11 20:40:00+00:00,40.70989990234375
2025-11-11 20:41:00+00:00,40.714298248291016
2025-11-11 20:42:00+00:00,40.71009826660156
2025-11-11 20:43:00+00:00,40.73500061035156
2025-11-11 20:44:00+00:00,40.73500061035156
2025-11-11 20:45:00+00:00,40.755001068115234
2025-11-11 20:46:00+00:00,40.744998931884766
2025-11-11 20:47:00+00:00,40.724998474121094
2025-11-11 20:48:00+00:00,40.72380065917969
2025-11-11 20:49:00+00:00,40.71419906616211
2025-11-11 20:50:00+00:00,40.73500061035156
2025-11-11 20:51:00+00:00,40.73500061035156
2025-11-11 20:52:00+00:00,40.755001068115234
2025-11-11 20:53:00+00:00,40.775001525878906
2025-11-11 20:54:00+00:00,40.74549865722656
2025-11-11 20:55:00+00:00,40.72999954223633
2025-11-11 20:56:00+00:00,40.755001068115234
2025-11-11 20:57:00+00:00,40.755001068115234
2025-11-11 20:58:00+00:00,40.720001220703125
2025-11-11 20:59:00+00:00,40.724998474121094
2025-11-12 14:30:00+00:00,40.79999923706055
2025-11-12 14:31:00+00:00,40.82099914550781
2025-11-12 14:32:00+00:00,40.86000061035156
2025-11-12 14:33:00+00:00,40.81999969482422
2025-11-12 14:34:00+00:00,40.820098876953125
2025-11-12 14:35:00+00:00,40.755001068115234
2025-11-12 14:36:00+00:00,40.78990173339844
2025-11-12 14:37:00+00:00,40.77000045776367
2025-11-12 14:38:00+00:00,40.77000045776367
2025-11-12 14:39:00+00:00,40.755001068115234
2025-11-12 14:40:00+00:00,40.790000915527344
2025-11-12 14:41:00+00:00,40.79999923706055
2025-11-12 14:42:00+00:00,40.785499572753906
2025-11-12 14:43:00+00:00,40.80500030517578
2025-11-12 14:44:00+00:00,40.85200119018555
2025-11-12 14:45:00+00:00,40.79499816894531
2025-11-12 14:46:00+00:00,40.845001220703125
2025-11-12 14:47:00+00:00,40.90999984741211
2025-11-12 14:48:00+00:00,40.880001068115234
2025-11-12 14:49:00+00:00,40.849998474121094
2025-11-12 14:50:00+00:00,40.855499267578125
2025-11-12 14:51:00+00:00,40.849998474121094
2025-11-12 14:52:00+00:00,40.85499954223633
2025-11-12 14:53:00+00:00,40.81999969482422
2025-11-12 14:54:00+00:00,40.814998626708984
2025-11-12 14:55:00+00:00,40.79499816894531
2025-11-12 14:56:00+00:00,40.78499984741211
2025-11-12 14:57:00+00:00,40.849998474121094
2025-11-12 14:58:00+00:00,40.82500076293945
2025-11-12 14:59:00+00:00,40.825199127197266
2025-11-12 15:00:00+00:00,40.775001525878906
2025-11-12 15:01:00+00:00,40.790000915527344
2025-11-12 15:02:00+00:00,40.75
2025-11-12 15:03:00+00:00,40.775001525878906
2025-11-12 15:04:00+00:00,40.7755012512207
2025-11-12 15:05:00+00:00,40.79499816894531
2025-11-12 15:06:00+00:00,40.79499816894531
2025-11-12 15:07:00+00:00,40.78499984741211
2025-11-12 15:08:00+00:00,40.80500030517578
2025-11-12 15:09:00+00:00,40.78990173339844
2025-11-12 15:10:00+00:00,40.79499816894531
2025-11-12 15:11:00+00:00,40.79719924926758
2025-11-12 15:12:00+00:00,40.821800231933594
2025-11-12 15:13:00+00:00,40.81449890136719
2025-11-12 15:14:00+00:00,40.79999923706055
2025-11-12 15:15:00+00:00,40.875
2025-11-12 15:16:00+00:00,40.875
2025-11-12 15:17:00+00:00,40.85499954223633
2025-11-12 15:18:00+00:00,40.896671295166016
2025-11-12 15:19:00+00:00,40.880001068115234
2025-11-12 15:20:00+00:00,40.8849983215332
2025-11-12 15:21:00+00:00,40.85499954223633
2025-11-12 15:22:00+00:00,40.86000061035156
2025-11-12 15:23:00+00:00,40.845001220703125
2025-11-12 15:24:00+00:00,40.834999084472656
2025-11-12 15:25:00+00:00,40.85499954223633
2025-11-12 15:26:00+00:00,40.86000061035156
2025-11-12 15:27:00+00:00,40.85499954223633
2025-11-12 15:28:00+00:00,40.845001220703125
2025-11-12 15:29:00+00:00,40.84980010986328
2025-11-12 15:30:00+00:00,40.84000015258789
2025-11-12 15:31:00+00:00,40.84299850463867
2025-11-12 15:32:00+00:00,40.86819839477539
2025-11-12 15:33:00+00:00,40.8650016784668
2025-11-12 15:34:00+00:00,40.904998779296875
2025-11-12 15:35:00+00:00,40.93000030517578
2025-11-12 15:36:00+00:00,40.899898529052734
2025-11-12 15:37:00+00:00,40.85499954223633
2025-11-12 15:38:00+00:00,40.85580062866211
2025-11-12 15:39:00+00:00,40.875
2025-11-12 15:40:00+00:00,40.875
2025-11-12 15:41:00+00:00,40.880001068115234
2025-11-12 15:42:00+00:00,40.875
2025-11-12 15:43:00+00:00,40.845001220703125
2025-11-12 15:44:00+00:00,40.86000061035156
2025-11-12 15:45:00+00:00,40.85499954223633
2025-11-12 15:46:00+00:00,40.875
2025-11-12 15:47:00+00:00,40.8849983215332
2025-11-12 15:48:00+00:00,40.900001525878906
2025-11-12 15:49:00+00:00,40.904998779296875
2025-11-12 15:50:00+00:00,40.89500045776367
2025-11-12 15:51:00+00:00,40.89500045776367
2025-11-12 15:52:00+00:00,40.89500045776367
2025-11-12 15:53:00+00:00,40.8849983215332
2025-11-12 15:54:00+00:00,40.875
2025-11-12 15:55:00+00:00,40.8650016784668
2025-11-12 15:56:00+00:00,40.86000061035156
2025-11-12 15:57:00+00:00,40.875
2025-11-12 15:58:00+00:00,40.885501861572266
2025-11-12 15:59:00+00:00,40.915000915527344
2025-11-12 16:00:00+00:00,40.904998779296875
2025-11-12 16:01:00+00:00,40.94499969482422
2025-11-12 16:02:00+00:00,40.915000915527344
2025-11-12 16:03:00+00:00,40.89500045776367
2025-11-12 16:04:00+00:00,40.904998779296875
2025-11-12 16:05:00+00:00,40.904998779296875
2025-11-12 16:06:00+00:00,40.8849983215332
2025-11-12 16:07:00+00:00,40.875
2025-11-12 16:08:00+00:00,40.8849983215332
2025-11-12 16:09:00+00:00,40.875
2025-11-12 16:10:00+00:00,40.875
2025-11-12 16:11:00+00:00,40.88999938964844
2025-11-12 16:12:00+00:00,40.88999938964844
2025-11-12 16:13:00+00:00,40.894100189208984
2025-11-12 16:14:00+00:00,40.89500045776367
2025-11-12 16:15:00+00:00,40.868499755859375
2025-11-12 16:16:00+00:00,40.8650016784668
2025-11-12 16:17:00+00:00,40.875
2025-11-12 16:18:00+00:00,40.90999984741211
2025-11-12 16:19:00+00:00,40.875
2025-11-12 16:20:00+00:00,40.869998931884766
2025-11-12 16:21:00+00:00,40.875
2025-11-12 16:22:00+00:00,40.87200164794922
2025-11-12 16:23:00+00:00,40.8849983215332
2025-11-12 16:24:00+00:00,40.8754997253418
2025-11-12 16:25:00+00:00,40.8849983215332
2025-11-12 16:26:00+00:00,40.89500045776367
2025-11-12 16:27:00+00:00,40.8849983215332
2025-11-12 16:28:00+00:00,40.8754997253418
2025-11-12 16:29:00+00:00,40.8650016784668
2025-11-12 16:30:00+00:00,40.86000061035156
2025-11-12 16:31:00+00:00,40.834999084472656
2025-11-12 16:32:00+00:00,40.84000015258789
2025-11-12 16:33:00+00:00,40.810001373291016
2025-11-12 16:34:00+00:00,40.81999969482422
2025-11-12 16:35:00+00:00,40.82500076293945
2025-11-12 16:36:00+00:00,40.814998626708984
2025-11-12 16:37:00+00:00,40.814998626708984
2025-11-12 16:38:00+00:00,40.81549835205078
2025-11-12 16:39:00+00:00,40.81230163574219
2025-11-12 16:40:00+00:00,40.814998626708984
2025-11-12 16:41:00+00:00,40.8297004699707
2025-11-12 16:42:00+00:00,40.814998626708984
2025-11-12 16:43:00+00:00,40.81999969482422
2025-11-12 16:44:00+00:00,40.81999969482422
2025-11-12 16:45:00+00:00,40.82500076293945
2025-11-12 16:46:00+00:00,40.814998626708984
2025-11-12 16:47:00+00:00,40.83549880981445
2025-11-12 16:48:00+00:00,40.84000015258789
2025-11-12 16:49:00+00:00,40.84000015258789
2025-11-12 16:50:00+00:00,40.82500076293945
2025-11-12 16:51:00+00:00,40.82550048828125
2025-11-12 16:52:00+00:00,40.815799713134766
2025-11-12 16:53:00+00:00,40.814998626708984
2025-11-12 16:54:00+00:00,40.842498779296875
2025-11-12 16:55:00+00:00,40.85499954223633
2025-11-12 16:56:00+00:00,40.875
2025-11-12 16:57:00+00:00,40.8650016784668
2025-11-12 16:58:00+00:00,40.8650016784668
2025-11-12 16:59:00+00:00,40.854801177978516
2025-11-12 17:00:00+00:00,40.85499954223633
2025-11-12 17:01:00+00:00,40.86000061035156
2025-11-12 17:02:00+00:00,40.84989929199219
2025-11-12 17:03:00+00:00,40.86349868774414
2025-11-12 17:04:00+00:00,40.845001220703125
2025-11-12 17:05:00+00:00,40.81549835205078
2025-11-12 17:06:00+00:00,40.8036003112793
2025-11-12 17:07:00+00:00,40.814998626708984
2025-11-12 17:08:00+00:00,40.82500076293945
2025-11-12 17:09:00+00:00,40.814998626708984
2025-11-12 17:10:00+00:00,40.814998626708984
2025-11-12 17:11:00+00:00,40.807498931884766
2025-11-12 17:12:00+00:00,40.80500030517578
2025-11-12 17:13:00+00:00,40.80500030517578
2025-11-12 17:14:00+00:00,40.81639862060547
2025-11-12 17:15:00+00:00,40.82500076293945
2025-11-12 17:16:00+00:00,40.82500076293945
2025-11-12 17:17:00+00:00,40.834999084472656
2025-11-12 17:18:00+00:00,40.834999084472656
2025-11-12 17:19:00+00:00,40.84000015258789
2025-11-12 17:20:00+00:00,40.8650016784668
2025-11-12 17:21:00+00:00,40.8849983215332
2025-11-12 17:22:00+00:00,40.88999938964844
2025-11-12 17:23:00+00:00,40.89500045776367
2025-11-12 17:24:00+00:00,40.88999938964844
2025-11-12 17:25:00+00:00,40.8650016784668
2025-11-12 17:26:00+00:00,40.8650016784668
2025-11-12 17:27:00+00:00,40.85499954223633
2025-11-12 17:28:00+00:00,40.834999084472656
2025-11-12 17:29:00+00:00,40.84510040283203
2025-11-12 17:30:00+00:00,40.845001220703125
2025-11-12 17:31:00+00:00,40.855098724365234
2025-11-12 17:32:00+00:00,40.85499954223633
2025-11-12 17:33:00+00:00,40.84349822998047
2025-11-12 17:34:00+00:00,40.84989929199219
2025-11-12 17:35:00+00:00,40.82059860229492
2025-11-12 17:36:00+00:00,40.829898834228516
2025-11-12 17:37:00+00:00,40.81999969482422
2025-11-12 17:38:00+00:00,40.82500076293945
2025-11-12 17:39:00+00:00,40.82419967651367
2025-11-12 17:40:00+00:00,40.849998474121094
2025-11-12 17:41:00+00:00,40.834999084472656
2025-11-12 17:42:00+00:00,40.84000015258789
2025-11-12 17:43:00+00:00,40.8650016784668
2025-11-12 17:44:00+00:00,40.869998931884766
2025-11-12 17:45:00+00:00,40.869998931884766
2025-11-12 17:46:00+00:00,40.869998931884766
2025-11-12 17:47:00+00:00,40.85499954223633
2025-11-12 17:48:00+00:00,40.869998931884766
2025-11-12 17:49:00+00:00,40.875
2025-11-12 17:50:00+00:00,40.8745002746582
2025-11-12 17:51:00+00:00,40.869998931884766
2025-11-12 17:52:00+00:00,40.8650016784668
2025-11-12 17:53:00+00:00,40.869998931884766
2025-11-12 17:54:00+00:00,40.86650085449219
2025-11-12 17:55:00+00:00,40.849998474121094
2025-11-12 17:56:00+00:00,40.844200134277344
2025-11-12 17:57:00+00:00,40.85499954223633
2025-11-12 17:58:00+00:00,40.834999084472656
2025-11-12 17:59:00+00:00,40.834999084472656
2025-11-12 18:00:00+00:00,40.83000183105469
2025-11-12 18:01:00+00:00,40.834999084472656
2025-11-12 18:02:00+00:00,40.83580017089844
2025-11-12 18:03:00+00:00,40.82500076293945
2025-11-12 18:04:00+00:00,40.834999084472656
2025-11-12 18:05:00+00:00,40.836299896240234
2025-11-12 18:06:00+00:00,40.84000015258789
2025-11-12 18:07:00+00:00,40.81999969482422
2025-11-12 18:08:00+00:00,40.814998626708984
2025-11-12 18:09:00+00:00,40.83000183105469
2025-11-12 18:10:00+00:00,40.834999084472656
2025-11-12 18:11:00+00:00,40.834999084472656
2025-11-12 18:12:00+00:00,40.849998474121094
2025-11-12 18:13:00+00:00,40.849998474121094
2025-11-12 18:14:00+00:00,40.85499954223633
2025-11-12 18:15:00+00:00,40.85770034790039
2025-11-12 18:16:00+00:00,40.8650016784668
2025-11-12 18:17:00+00:00,40.8650016784668
2025-11-12 18:18:00+00:00,40.900001525878906
2025-11-12 18:19:00+00:00,40.86399841308594
2025-11-12 18:20:00+00:00,40.86000061035156
2025-11-12 18:21:00+00:00,40.849998474121094
2025-11-12 18:22:00+00:00,40.845001220703125
2025-11-12 18:23:00+00:00,40.85499954223633
2025-11-12 18:24:00+00:00,40.86000061035156
2025-11-12 18:25:00+00:00,40.86000061035156
2025-11-12 18:26:00+00:00,40.845001220703125
2025-11-12 18:27:00+00:00,40.86000061035156
2025-11-12 18:28:00+00:00,40.86000061035156
2025-11-12 18:29:00+00:00,40.855098724365234
2025-11-12 18:30:00+00:00,40.875
2025-11-12 18:31:00+00:00,40.8849983215332
2025-11-12 18:32:00+00:00,40.88999938964844
2025-11-12 18:33:00+00:00,40.880001068115234
2025-11-12 18:34:00+00:00,40.875
2025-11-12 18:35:00+00:00,40.86650085449219
2025-11-12 18:36:00+00:00,40.875
2025-11-12 18:37:00+00:00,40.880001068115234
2025-11-12 18:38:00+00:00,40.88010025024414
2025-11-12 18:39:00+00:00,40.88999938964844
2025-11-12 18:40:00+00:00,40.875
2025-11-12 18:41:00+00:00,40.87009811401367
2025-11-12 18:42:00+00:00,40.8849983215332
2025-11-12 18:43:00+00:00,40.89550018310547
2025-11-12 18:44:00+00:00,40.904998779296875
2025-11-12 18:45:00+00:00,40.91999816894531
2025-11-12 18:46:00+00:00,40.90999984741211
2025-11-12 18:47:00+00:00,40.90010070800781
2025-11-12 18:48:00+00:00,40.88750076293945
2025-11-12 18:49:00+00:00,40.88999938964844
2025-11-12 18:50:00+00:00,40.8849983215332
2025-11-12 18:51:00+00:00,40.8849983215332
2025-11-12 18:52:00+00:00,40.8849983215332
2025-11-12 18:53:00+00:00,40.875
2025-11-12 18:54:00+00:00,40.875
2025-11-12 18:55:00+00:00,40.8650016784668
2025-11-12 18:56:00+00:00,40.88999938964844
2025-11-12 18:57:00+00:00,40.8849983215332
2025-11-12 18:58:00+00:00,40.89500045776367
2025-11-12 18:59:00+00:00,40.88999938964844
2025-11-12 19:00:00+00:00,40.88999938964844
2025-11-12 19:01:00+00:00,40.8849983215332
2025-11-12 19:02:00+00:00,40.880001068115234
2025-11-12 19:03:00+00:00,40.875
2025-11-12 19:04:00+00:00,40.869998931884766
2025-11-12 19:05:00+00:00,40.83000183105469
2025-11-12 19:06:00+00:00,40.83449935913086
2025-11-12 19:07:00+00:00,40.83000183105469
2025-11-12 19:08:00+00:00,40.82820129394531
2025-11-12 19:09:00+00:00,40.814998626708984
2025-11-12 19:10:00+00:00,40.79499816894531
2025-11-12 19:11:00+00:00,40.79499816894531
2025-11-12 19:12:00+00:00,40.79499816894531
2025-11-12 19:13:00+00:00,40.80500030517578
2025-11-12 19:14:00+00:00,40.80500030517578
2025-11-12 19:15:00+00:00,40.790000915527344
2025-11-12 19:16:00+00:00,40.79499816894531
2025-11-12 19:17:00+00:00,40.79499816894531
2025-11-12 19:18:00+00:00,40.79499816894531
2025-11-12 19:19:00+00:00,40.79499816894531
2025-11-12 19:20:00+00:00,40.80500030517578
2025-11-12 19:21:00+00:00,40.80500030517578
2025-11-12 19:22:00+00:00,40.790000915527344
2025-11-12 19:23:00+00:00,40.79499816894531
2025-11-12 19:24:00+00:00,40.78049850463867
2025-11-12 19:25:00+00:00,40.78499984741211
2025-11-12 19:26:00+00:00,40.790000915527344
2025-11-12 19:27:00+00:00,40.79499816894531
2025-11-12 19:28:00+00:00,40.790000915527344
2025-11-12 19:29:00+00:00,40.79499816894531
2025-11-12 19:30:00+00:00,40.775001525878906
2025-11-12 19:31:00+00:00,40.775001525878906
2025-11-12 19:32:00+00:00,40.790000915527344
2025-11-12 19:33:00+00:00,40.790000915527344
2025-11-12 19:34:00+00:00,40.79499816894531
2025-11-12 19:35:00+00:00,40.814998626708984
2025-11-12 19:36:00+00:00,40.80500030517578
2025-11-12 19:37:00+00:00,40.790000915527344
2025-11-12 19:38:00+00:00,40.790000915527344
2025-11-12 19:39:00+00:00,40.79999923706055
2025-11-12 19:40:00+00:00,40.7963981628418
2025-11-12 19:41:00+00:00,40.79999923706055
2025-11-12 19:42:00+00:00,40.79499816894531
2025-11-12 19:43:00+00:00,40.80500030517578
2025-11-12 19:44:00+00:00,40.77989959716797
2025-11-12 19:45:00+00:00,40.78499984741211
2025-11-12 19:46:00+00:00,40.79499816894531
2025-11-12 19:47:00+00:00,40.79690170288086
2025-11-12 19:48:00+00:00,40.79029846191406
2025-11-12 19:49:00+00:00,40.78450012207031
2025-11-12 19:50:00+00:00,40.78499984741211
2025-11-12 19:51:00+00:00,40.76210021972656
2025-11-12 19:52:00+00:00,40.75
2025-11-12 19:53:00+00:00,40.755001068115234
2025-11-12 19:54:00+00:00,40.75550079345703
2025-11-12 19:55:00+00:00,40.76499938964844
2025-11-12 19:56:00+00:00,40.775001525878906
2025-11-12 19:57:00+00:00,40.755001068115234
2025-11-12 19:58:00+00:00,40.76499938964844
2025-11-12 19:59:00+00:00,40.775001525878906
2025-11-12 20:00:00+00:00,40.775001525878906
2025-11-12 20:01:00+00:00,40.775001525878906
2025-11-12 20:02:00+00:00,40.76499938964844
2025-11-12 20:03:00+00:00,40.77000045776367
2025-11-12 20:04:00+00:00,40.76020050048828
2025-11-12 20:05:00+00:00,40.76499938964844
2025-11-12 20:06:00+00:00,40.76499938964844
2025-11-12 20:07:00+00:00,40.764801025390625
2025-11-12 20:08:00+00:00,40.76499938964844
2025-11-12 20:09:00+00:00,40.784400939941406
2025-11-12 20:10:00+00:00,40.79999923706055
2025-11-12 20:11:00+00:00,40.814998626708984
2025-11-12 20:12:00+00:00,40.814998626708984
2025-11-12 20:13:00+00:00,40.82500076293945
2025-11-12 20:14:00+00:00,40.82500076293945
2025-11-12 20:15:00+00:00,40.814998626708984
2025-11-12 20:16:00+00:00,40.814998626708984
2025-11-12 20:17:00+00:00,40.790000915527344
2025-11-12 20:18:00+00:00,40.79010009765625
2025-11-12 20:19:00+00:00,40.790000915527344
2025-11-12 20:20:00+00:00,40.78350067138672
2025-11-12 20:21:00+00:00,40.779998779296875
2025-11-12 20:22:00+00:00,40.775001525878906
2025-11-12 20:23:00+00:00,40.76499938964844
2025-11-12 20:24:00+00:00,40.76499938964844
2025-11-12 20:25:00+00:00,40.755001068115234
2025-11-12 20:26:00+00:00,40.79499816894531
2025-11-12 20:27:00+00:00,40.79499816894531
2025-11-12 20:28:00+00:00,40.78150177001953
2025-11-12 20:29:00+00:00,40.775001525878906
2025-11-12 20:30:00+00:00,40.779998779296875
2025-11-12 20:31:00+00:00,40.79499816894531
2025-11-12 20:32:00+00:00,40.8224983215332
2025-11-12 20:33:00+00:00,40.810001373291016
2025-11-12 20:34:00+00:00,40.79499816894531
2025-11-12 20:35:00+00:00,40.79499816894531
2025-11-12 20:36:00+00:00,40.78499984741211
2025-11-12 20:37:00+00:00,40.790000915527344
2025-11-12 20:38:00+00:00,40.78499984741211
2025-11-12 20:39:00+00:00,40.792198181152344
2025-11-12 20:40:00+00:00,40.790000915527344
2025-11-12 20:41:00+00:00,40.79499816894531
2025-11-12 20:42:00+00:00,40.81999969482422
2025-11-12 20:43:00+00:00,40.814998626708984
2025-11-12 20:44:00+00:00,40.79999923706055
2025-11-12 20:45:00+00:00,40.779998779296875
2025-11-12 20:46:00+00:00,40.775001525878906
2025-11-12 20:47:00+00:00,40.76499938964844
2025-11-12 20:48:00+00:00,40.743499755859375
2025-11-12 20:49:00+00:00,40.76499938964844
2025-11-12 20:50:00+00:00,40.760501861572266
2025-11-12 20:51:00+00:00,40.76499938964844
2025-11-12 20:52:00+00:00,40.775001525878906
2025-11-12 20:53:00+00:00,40.790000915527344
2025-11-12 20:54:00+00:00,40.814998626708984
2025-11-12 20:55:00+00:00,40.78499984741211
2025-11-12 20:56:00+00:00,40.78499984741211
2025-11-12 20:57:00+00:00,40.81999969482422
2025-11-12 20:58:00+00:00,40.80730056762695
2025-11-12 20:59:00+00:00,40.810001373291016
2025-11-13 14:30:00+00:00,40.77000045776367
2025-11-13 14:31:00+00:00,40.7599983215332
2025-11-13 14:32:00+00:00,40.806800842285156
2025-11-13 14:33:00+00:00,40.785499572753906
2025-11-13 14:34:00+00:00,40.93000030517578
2025-11-13 14:35:00+00:00,40.93989944458008
2025-11-13 14:36:00+00:00,41.002498626708984
2025-11-13 14:37:00+00:00,41.005001068115234
2025-11-13 14:38:00+00:00,41.025001525878906
2025-11-13 14:39:00+00:00,41.04999923706055
2025-11-13 14:40:00+00:00,41.025001525878906
2025-11-13 14:41:00+00:00,41.03499984741211
2025-11-13 14:42:00+00:00,41.06999969482422
2025-11-13 14:43:00+00:00,41.099998474121094
2025-11-13 14:44:00+00:00,41.17649841308594
2025-11-13 14:45:00+00:00,41.14500045776367
2025-11-13 14:46:00+00:00,41.185001373291016
2025-11-13 14:47:00+00:00,41.165000915527344
2025-11-13 14:48:00+00:00,41.17499923706055
2025-11-13 14:49:00+00:00,41.165000915527344
2025-11-13 14:50:00+00:00,41.20000076293945
2025-11-13 14:51:00+00:00,41.17499923706055
2025-11-13 14:52:00+00:00,41.16999816894531
2025-11-13 14:53:00+00:00,41.16999816894531
2025-11-13 14:54:00+00:00,41.20009994506836
2025-11-13 14:55:00+00:00,41.16299819946289
2025-11-13 14:56:00+00:00,41.174598693847656
2025-11-13 14:57:00+00:00,41.205501556396484
2025-11-13 14:58:00+00:00,41.22010040283203
2025-11-13 14:59:00+00:00,41.21500015258789
2025-11-13 15:00:00+00:00,41.17499923706055
2025-11-13 15:01:00+00:00,41.20500183105469
2025-11-13 15:02:00+00:00,41.244998931884766
2025-11-13 15:03:00+00:00,41.21500015258789
2025-11-13 15:04:00+00:00,41.22999954223633
2025-11-13 15:05:00+00:00,41.255001068115234
2025-11-13 15:06:00+00:00,41.224998474121094
2025-11-13 15:07:00+00:00,41.22999954223633
2025-11-13 15:08:00+00:00,41.189998626708984
2025-11-13 15:09:00+00:00,41.185001373291016
2025-11-13 15:10:00+00:00,41.19499969482422
2025-11-13 15:11:00+00:00,41.19499969482422
2025-11-13 15:12:00+00:00,41.189998626708984
2025-11-13 15:13:00+00:00,41.130001068115234
2025-11-13 15:14:00+00:00,41.06999969482422
2025-11-13 15:15:00+00:00,41.07500076293945
2025-11-13 15:16:00+00:00,41.060001373291016
2025-11-13 15:17:00+00:00,41.10499954223633
2025-11-13 15:18:00+00:00,41.1150016784668
2025-11-13 15:19:00+00:00,41.14500045776367
2025-11-13 15:20:00+00:00,41.15999984741211
2025-11-13 15:21:00+00:00,41.15999984741211
2025-11-13 15:22:00+00:00,41.19860076904297
2025-11-13 15:23:00+00:00,41.20000076293945
2025-11-13 15:24:00+00:00,41.244998931884766
2025-11-13 15:25:00+00:00,41.255001068115234
2025-11-13 15:26:00+00:00,41.255001068115234
2025-11-13 15:27:00+00:00,41.25
2025-11-13 15:28:00+00:00,41.244998931884766
2025-11-13 15:29:00+00:00,41.22999954223633
2025-11-13 15:30:00+00:00,41.310001373291016
2025-11-13 15:31:00+00:00,41.30500030517578
2025-11-13 15:32:00+00:00,41.26499938964844
2025-11-13 15:33:00+00:00,41.255001068115234
2025-11-13 15:34:00+00:00,41.27510070800781
2025-11-13 15:35:00+00:00,41.26499938964844
2025-11-13 15:36:00+00:00,41.262001037597656
2025-11-13 15:37:00+00:00,41.255001068115234
2025-11-13 15:38:00+00:00,41.260101318359375
2025-11-13 15:39:00+00:00,41.28499984741211
2025-11-13 15:40:00+00:00,41.27000045776367
2025-11-13 15:41:00+00:00,41.30009841918945
2025-11-13 15:42:00+00:00,41.275001525878906
2025-11-13 15:43:00+00:00,41.28499984741211
2025-11-13 15:44:00+00:00,41.29499816894531
2025-11-13 15:45:00+00:00,41.30500030517578
2025-11-13 15:46:00+00:00,41.310001373291016
2025-11-13 15:47:00+00:00,41.30500030517578
2025-11-13 15:48:00+00:00,41.290000915527344
2025-11-13 15:49:00+00:00,41.275001525878906
2025-11-13 15:50:00+00:00,41.2599983215332
2025-11-13 15:51:00+00:00,41.2598991394043
2025-11-13 15:52:00+00:00,41.235801696777344
2025-11-13 15:53:00+00:00,41.224998474121094
2025-11-13 15:54:00+00:00,41.244998931884766
2025-11-13 15:55:00+00:00,41.25
2025-11-13 15:56:00+00:00,41.23500061035156
2025-11-13 15:57:00+00:00,41.224998474121094
2025-11-13 15:58:00+00:00,41.2057991027832
2025-11-13 15:59:00+00:00,41.20500183105469
2025-11-13 16:00:00+00:00,41.191898345947266
2025-11-13 16:01:00+00:00,41.2599983215332
2025-11-13 16:02:00+00:00,41.30500030517578
2025-11-13 16:03:00+00:00,41.33000183105469
2025-11-13 16:04:00+00:00,41.45500183105469
2025-11-13 16:05:00+00:00,41.560001373291016
2025-11-13 16:06:00+00:00,41.58000183105469
2025-11-13 16:07:00+00:00,41.48500061035156
2025-11-13 16:08:00+00:00,41.404998779296875
2025-11-13 16:09:00+00:00,41.385101318359375
2025-11-13 16:10:00+00:00,41.3849983215332
2025-11-13 16:11:00+00:00,41.3849983215332
2025-11-13 16:12:00+00:00,41.42499923706055
2025-11-13 16:13:00+00:00,41.404998779296875
2025-11-13 16:14:00+00:00,41.404998779296875
2025-11-13 16:15:00+00:00,41.39500045776367
2025-11-13 16:16:00+00:00,41.435001373291016
2025-11-13 16:17:00+00:00,41.45009994506836
2025-11-13 16:18:00+00:00,41.54999923706055
2025-11-13 16:19:00+00:00,41.584999084472656
2025-11-13 16:20:00+00:00,41.48500061035156
2025-11-13 16:21:00+00:00,41.494998931884766
2025-11-13 16:22:00+00:00,41.505001068115234
2025-11-13 16:23:00+00:00,41.484500885009766
2025-11-13 16:24:00+00:00,41.480098724365234
2025-11-13 16:25:00+00:00,41.4724006652832
2025-11-13 16:26:00+00:00,41.48500061035156
2025-11-13 16:27:00+00:00,41.47999954223633
2025-11-13 16:28:00+00:00,41.44499969482422
2025-11-13 16:29:00+00:00,41.42499923706055
2025-11-13 16:30:00+00:00,41.40999984741211
2025-11-13 16:31:00+00:00,41.494998931884766
2025-11-13 16:32:00+00:00,41.47999954223633
2025-11-13 16:33:00+00:00,41.48500061035156
2025-11-13 16:34:00+00:00,41.4900016784668
2025-11-13 16:35:00+00:00,41.42499923706055
2025-11-13 16:36:00+00:00,41.39500045776367
2025-11-13 16:37:00+00:00,41.380001068115234
2025-11-13 16:38:00+00:00,41.404998779296875
2025-11-13 16:39:00+00:00,41.4099006652832
2025-11-13 16:40:00+00:00,41.380001068115234
2025-11-13 16:41:00+00:00,41.369998931884766
2025-11-13 16:42:00+00:00,41.38999938964844
2025-11-13 16:43:00+00:00,41.3650016784668
2025-11-13 16:44:00+00:00,41.3650016784668
2025-11-13 16:45:00+00:00,41.35499954223633
2025-11-13 16:46:00+00:00,41.34000015258789
2025-11-13 16:47:00+00:00,41.35499954223633
2025-11-13 16:48:00+00:00,41.349998474121094
2025-11-13 16:49:00+00:00,41.345001220703125
2025-11-13 16:50:00+00:00,41.345001220703125
2025-11-13 16:51:00+00:00,41.33649826049805
2025-11-13 16:52:00+00:00,41.345001220703125
2025-11-13 16:53:00+00:00,41.3650016784668
2025-11-13 16:54:00+00:00,41.375
2025-11-13 16:55:00+00:00,41.375
2025-11-13 16:56:00+00:00,41.375
2025-11-13 16:57:00+00:00,41.375
2025-11-13 16:58:00+00:00,41.375
2025-11-13 16:59:00+00:00,41.35499954223633
2025-11-13 17:00:00+00:00,41.345001220703125
2025-11-13 17:01:00+00:00,41.32500076293945
2025-11-13 17:02:00+00:00,41.3302001953125
2025-11-13 17:03:00+00:00,41.30500030517578
2025-11-13 17:04:00+00:00,41.314998626708984
2025-11-13 17:05:00+00:00,41.28499984741211
2025-11-13 17:06:00+00:00,41.296199798583984
2025-11-13 17:07:00+00:00,41.314998626708984
2025-11-13 17:08:00+00:00,41.29499816894531
2025-11-13 17:09:00+00:00,41.29990005493164
2025-11-13 17:10:00+00:00,41.25450134277344
2025-11-13 17:11:00+00:00,41.255001068115234
2025-11-13 17:12:00+00:00,41.220001220703125
2025-11-13 17:13:00+00:00,41.220001220703125
2025-11-13 17:14:00+00:00,41.23500061035156
2025-11-13 17:15:00+00:00,41.21500015258789
2025-11-13 17:16:00+00:00,41.185001373291016
2025-11-13 17:17:00+00:00,41.20000076293945
2025-11-13 17:18:00+00:00,41.19499969482422
2025-11-13 17:19:00+00:00,41.22999954223633
2025-11-13 17:20:00+00:00,41.209999084472656
2025-11-13 17:21:00+00:00,41.20500183105469
2025-11-13 17:22:00+00:00,41.21500015258789
2025-11-13 17:23:00+00:00,41.2599983215332
2025-11-13 17:24:00+00:00,41.2599983215332
2025-11-13 17:25:00+00:00,41.25149917602539
2025-11-13 17:26:00+00:00,41.27989959716797
2025-11-13 17:27:00+00:00,41.29999923706055
2025-11-13 17:28:00+00:00,41.275001525878906
2025-11-13 17:29:00+00:00,41.29999923706055
2025-11-13 17:30:00+00:00,41.29999923706055
2025-11-13 17:31:00+00:00,41.29999923706055
2025-11-13 17:32:00+00:00,41.30500030517578
2025-11-13 17:33:00+00:00,41.29999923706055
2025-11-13 17:34:00+00:00,41.314998626708984
2025-11-13 17:35:00+00:00,41.332801818847656
2025-11-13 17:36:00+00:00,41.31449890136719
2025-11-13 17:37:00+00:00,41.32500076293945
2025-11-13 17:38:00+00:00,41.34000015258789
2025-11-13 17:39:00+00:00,41.334999084472656
2025-11-13 17:40:00+00:00,41.33000183105469
2025-11-13 17:41:00+00:00,41.334999084472656
2025-11-13 17:42:00+00:00,41.34000015258789
2025-11-13 17:43:00+00:00,41.339900970458984
2025-11-13 17:44:00+00:00,41.33000183105469
2025-11-13 17:45:00+00:00,41.31999969482422
2025-11-13 17:46:00+00:00,41.33000183105469
2025-11-13 17:47:00+00:00,41.34450149536133
2025-11-13 17:48:00+00:00,41.36000061035156
2025-11-13 17:49:00+00:00,41.36000061035156
2025-11-13 17:50:00+00:00,41.369998931884766
2025-11-13 17:51:00+00:00,41.404998779296875
2025-11-13 17:52:00+00:00,41.3849983215332
2025-11-13 17:53:00+00:00,41.3650016784668
2025-11-13 17:54:00+00:00,41.369998931884766
2025-11-13 17:55:00+00:00,41.35499954223633
2025-11-13 17:56:00+00:00,41.345001220703125
2025-11-13 17:57:00+00:00,41.334999084472656
2025-11-13 17:58:00+00:00,41.33549880981445
2025-11-13 17:59:00+00:00,41.334999084472656
2025-11-13 18:00:00+00:00,41.369998931884766
2025-11-13 18:01:00+00:00,41.36009979248047
2025-11-13 18:02:00+00:00,41.375
2025-11-13 18:03:00+00:00,41.375
2025-11-13 18:04:00+00:00,41.345001220703125
2025-11-13 18:05:00+00:00,41.345001220703125
2025-11-13 18:06:00+00:00,41.3656005859375
2025-11-13 18:07:00+00:00,41.3650016784668
2025-11-13 18:08:00+00:00,41.375
2025-11-13 18:09:00+00:00,41.3650016784668
2025-11-13 18:10:00+00:00,41.43000030517578
2025-11-13 18:11:00+00:00,41.404998779296875
2025-11-13 18:12:00+00:00,41.45500183105469
2025-11-13 18:13:00+00:00,41.415000915527344
2025-11-13 18:14:00+00:00,41.415000915527344
2025-11-13 18:15:00+00:00,41.404998779296875
2025-11-13 18:16:00+00:00,41.435001373291016
2025-11-13 18:17:00+00:00,41.45500183105469
2025-11-13 18:18:00+00:00,41.45500183105469
2025-11-13 18:19:00+00:00,41.470001220703125
2025-11-13 18:20:00+00:00,41.47999954223633
2025-11-13 18:21:00+00:00,41.474998474121094
2025-11-13 18:22:00+00:00,41.46500015258789
2025-11-13 18:23:00+00:00,41.46500015258789
2025-11-13 18:24:00+00:00,41.457401275634766
2025-11-13 18:25:00+00:00,41.46289825439453
2025-11-13 18:26:00+00:00,41.4650993347168
2025-11-13 18:27:00+00:00,41.470001220703125
2025-11-13 18:28:00+00:00,41.4900016784668
2025-11-13 18:29:00+00:00,41.505001068115234
2025-11-13 18:30:00+00:00,41.45500183105469
2025-11-13 18:31:00+00:00,41.470001220703125
2025-11-13 18:32:00+00:00,41.47999954223633
2025-11-13 18:33:00+00:00,41.474998474121094
2025-11-13 18:34:00+00:00,41.494998931884766
2025-11-13 18:35:00+00:00,41.494998931884766
2025-11-13 18:36:00+00:00,41.505001068115234
2025-11-13 18:37:00+00:00,41.494998931884766
2025-11-13 18:38:00+00:00,41.5
2025-11-13 18:39:00+00:00,41.474998474121094
2025-11-13 18:40:00+00:00,41.474998474121094
2025-11-13 18:41:00+00:00,41.45610046386719
2025-11-13 18:42:00+00:00,41.47999954223633
2025-11-13 18:43:00+00:00,41.459999084472656
2025-11-13 18:44:00+00:00,41.44499969482422
2025-11-13 18:45:00+00:00,41.42499923706055
2025-11-13 18:46:00+00:00,41.435001373291016
2025-11-13 18:47:00+00:00,41.46009826660156
2025-11-13 18:48:00+00:00,41.45500183105469
2025-11-13 18:49:00+00:00,41.474998474121094
2025-11-13 18:50:00+00:00,41.5
2025-11-13 18:51:00+00:00,41.49509811401367
2025-11-13 18:52:00+00:00,41.49509811401367
2025-11-13 18:53:00+00:00,41.49509811401367
2025-11-13 18:54:00+00:00,41.51499938964844
2025-11-13 18:55:00+00:00,41.505001068115234
2025-11-13 18:56:00+00:00,41.47999954223633
2025-11-13 18:57:00+00:00,41.474998474121094
2025-11-13 18:58:00+00:00,41.439998626708984
2025-11-13 18:59:00+00:00,41.44499969482422
2025-11-13 19:00:00+00:00,41.45500183105469
2025-11-13 19:01:00+00:00,41.44499969482422
2025-11-13 19:02:00+00:00,41.45500183105469
2025-11-13 19:03:00+00:00,41.42499923706055
2025-11-13 19:04:00+00:00,41.420101165771484
2025-11-13 19:05:00+00:00,41.416500091552734
2025-11-13 19:06:00+00:00,41.39500045776367
2025-11-13 19:07:00+00:00,41.39509963989258
2025-11-13 19:08:00+00:00,41.38999938964844
2025-11-13 19:09:00+00:00,41.400001525878906
2025-11-13 19:10:00+00:00,41.400001525878906
2025-11-13 19:11:00+00:00,41.40010070800781
2025-11-13 19:12:00+00:00,41.3849983215332
2025-11-13 19:13:00+00:00,41.3849983215332
2025-11-13 19:14:00+00:00,41.404998779296875
2025-11-13 19:15:00+00:00,41.439998626708984
2025-11-13 19:16:00+00:00,41.459999084472656
2025-11-13 19:17:00+00:00,41.47999954223633
2025-11-13 19:18:00+00:00,41.44499969482422
2025-11-13 19:19:00+00:00,41.43000030517578
2025-11-13 19:20:00+00:00,41.42499923706055
2025-11-13 19:21:00+00:00,41.42499923706055
2025-11-13 19:22:00+00:00,41.403900146484375
2025-11-13 19:23:00+00:00,41.39500045776367
2025-11-13 19:24:00+00:00,41.400001525878906
2025-11-13 19:25:00+00:00,41.415000915527344
2025-11-13 19:26:00+00:00,41.415000915527344
2025-11-13 19:27:00+00:00,41.400001525878906
2025-11-13 19:28:00+00:00,41.404998779296875
2025-11-13 19:29:00+00:00,41.38999938964844
2025-11-13 19:30:00+00:00,41.3849983215332
2025-11-13 19:31:00+00:00,41.37580108642578
2025-11-13 19:32:00+00:00,41.334999084472656
2025-11-13 19:33:00+00:00,41.35499954223633
2025-11-13 19:34:00+00:00,41.355098724365234
2025-11-13 19:35:00+00:00,41.334999084472656
2025-11-13 19:36:00+00:00,41.32500076293945
2025-11-13 19:37:00+00:00,41.32500076293945
2025-11-13 19:38:00+00:00,41.32500076293945
2025-11-13 19:39:00+00:00,41.34000015258789
2025-11-13 19:40:00+00:00,41.34000015258789
2025-11-13 19:41:00+00:00,41.3650016784668
2025-11-13 19:42:00+00:00,41.36000061035156
2025-11-13 19:43:00+00:00,41.3650016784668
2025-11-13 19:44:00+00:00,41.380001068115234
2025-11-13 19:45:00+00:00,41.349998474121094
2025-11-13 19:46:00+00:00,41.36050033569336
2025-11-13 19:47:00+00:00,41.375
2025-11-13 19:48:00+00:00,41.35499954223633
2025-11-13 19:49:00+00:00,41.375
2025-11-13 19:50:00+00:00,41.36650085449219
2025-11-13 19:51:00+00:00,41.37770080566406
2025-11-13 19:52:00+00:00,41.404998779296875
2025-11-13 19:53:00+00:00,41.42499923706055
2025-11-13 19:54:00+00:00,41.42499923706055
2025-11-13 19:55:00+00:00,41.43000030517578
2025-11-13 19:56:00+00:00,41.439998626708984
2025-11-13 19:57:00+00:00,41.42499923706055
2025-11-13 19:58:00+00:00,41.41999816894531
2025-11-13 19:59:00+00:00,41.39500045776367
2025-11-13 20:00:00+00:00,41.3849983215332
2025-11-13 20:01:00+00:00,41.375
2025-11-13 20:02:00+00:00,41.3650016784668
2025-11-13 20:03:00+00:00,41.375
2025-11-13 20:04:00+00:00,41.369998931884766
2025-11-13 20:05:00+00:00,41.375
2025-11-13 20:06:00+00:00,41.3849983215332
2025-11-13 20:07:00+00:00,41.3650016784668
2025-11-13 20:08:00+00:00,41.37580108642578
2025-11-13 20:09:00+00:00,41.3650016784668
2025-11-13 20:10:00+00:00,41.3401985168457
2025-11-13 20:11:00+00:00,41.32550048828125
2025-11-13 20:12:00+00:00,41.334999084472656
2025-11-13 20:13:00+00:00,41.334999084472656
2025-11-13 20:14:00+00:00,41.334999084472656
2025-11-13 20:15:00+00:00,41.345001220703125
2025-11-13 20:16:00+00:00,41.334999084472656
2025-11-13 20:17:00+00:00,41.345001220703125
2025-11-13 20:18:00+00:00,41.334999084472656
2025-11-13 20:19:00+00:00,41.30500030517578
2025-11-13 20:20:00+00:00,41.30500030517578
2025-11-13 20:21:00+00:00,41.30500030517578
2025-11-13 20:22:00+00:00,41.28170394897461
2025-11-13 20:23:00+00:00,41.290000915527344
2025-11-13 20:24:00+00:00,41.244998931884766
2025-11-13 20:25:00+00:00,41.23500061035156
2025-11-13 20:26:00+00:00,41.26499938964844
2025-11-13 20:27:00+00:00,41.2599983215332
2025-11-13 20:28:00+00:00,41.255001068115234
2025-11-13 20:29:00+00:00,41.244998931884766
2025-11-13 20:30:00+00:00,41.22999954223633
2025-11-13 20:31:00+00:00,41.23500061035156
2025-11-13 20:32:00+00:00,41.21500015258789
2025-11-13 20:33:00+00:00,41.20500183105469
2025-11-13 20:34:00+00:00,41.223899841308594
2025-11-13 20:35:00+00:00,41.204498291015625
2025-11-13 20:36:00+00:00,41.21500015258789
2025-11-13 20:37:00+00:00,41.21500015258789
2025-11-13 20:38:00+00:00,41.21500015258789
2025-11-13 20:39:00+00:00,41.21500015258789
2025-11-13 20:40:00+00:00,41.209999084472656
2025-11-13 20:41:00+00:00,41.17499923706055
2025-11-13 20:42:00+00:00,41.154998779296875
2025-11-13 20:43:00+00:00,41.14500045776367
2025-11-13 20:44:00+00:00,41.154998779296875
2025-11-13 20:45:00+00:00,41.130001068115234
2025-11-13 20:46:00+00:00,41.130001068115234
2025-11-13 20:47:00+00:00,41.120201110839844
2025-11-13 20:48:00+00:00,41.125
2025-11-13 20:49:00+00:00,41.13010025024414
2025-11-13 20:50:00+00:00,41.154998779296875
2025-11-13 20:51:00+00:00,41.154998779296875
2025-11-13 20:52:00+00:00,41.14500045776367
2025-11-13 20:53:00+00:00,41.16999816894531
2025-11-13 20:54:00+00:00,41.125
2025-11-13 20:55:00+00:00,41.095001220703125
2025-11-13 20:56:00+00:00,41.095001220703125
2025-11-13 20:57:00+00:00,41.099998474121094
2025-11-13 20:58:00+00:00,41.095001220703125
2025-11-13 20:59:00+00:00,41.11000061035156
2025-11-14 14:30:00+00:00,41.375
2025-11-14 14:31:00+00:00,41.31999969482422
2025-11-14 14:32:00+00:00,41.314998626708984
2025-11-14 14:33:00+00:00,41.330101013183594
2025-11-14 14:34:00+00:00,41.369998931884766
2025-11-14 14:35:00+00:00,41.29999923706055
2025-11-14 14:36:00+00:00,41.20500183105469
2025-11-14 14:37:00+00:00,41.17499923706055
2025-11-14 14:38:00+00:00,41.209999084472656
2025-11-14 14:39:00+00:00,41.16999816894531
2025-11-14 14:40:00+00:00,41.224998474121094
2025-11-14 14:41:00+00:00,41.095001220703125
2025-11-14 14:42:00+00:00,41.14500045776367
2025-11-14 14:43:00+00:00,41.165000915527344
2025-11-14 14:44:00+00:00,41.130001068115234
2025-11-14 14:45:00+00:00,41.02000045776367
2025-11-14 14:46:00+00:00,40.90999984741211
2025-11-14 14:47:00+00:00,40.959999084472656
2025-11-14 14:48:00+00:00,40.91999816894531
2025-11-14 14:49:00+00:00,41.005001068115234
2025-11-14 14:50:00+00:00,41.04999923706055
2025-11-14 14:51:00+00:00,40.9734992980957
2025-11-14 14:52:00+00:00,40.950199127197266
2025-11-14 14:53:00+00:00,40.904998779296875
2025-11-14 14:54:00+00:00,40.8650016784668
2025-11-14 14:55:00+00:00,40.810001373291016
2025-11-14 14:56:00+00:00,40.79999923706055
2025-11-14 14:57:00+00:00,40.84000015258789
2025-11-14 14:58:00+00:00,40.84000015258789
2025-11-14 14:59:00+00:00,40.80500030517578
2025-11-14 15:00:00+00:00,40.76499938964844
2025-11-14 15:01:00+00:00,40.76499938964844
2025-11-14 15:02:00+00:00,40.76499938964844
2025-11-14 15:03:00+00:00,40.779998779296875
2025-11-14 15:04:00+00:00,40.79499816894531
2025-11-14 15:05:00+00:00,40.75
2025-11-14 15:06:00+00:00,40.7400016784668
2025-11-14 15:07:00+00:00,40.73500061035156
2025-11-14 15:08:00+00:00,40.72999954223633
2025-11-14 15:09:00+00:00,40.775001525878906
2025-11-14 15:10:00+00:00,40.72999954223633
2025-11-14 15:11:00+00:00,40.76499938964844
2025-11-14 15:12:00+00:00,40.83000183105469
2025-11-14 15:13:00+00:00,40.849998474121094
2025-11-14 15:14:00+00:00,40.845001220703125
2025-11-14 15:15:00+00:00,40.810001373291016
2025-11-14 15:16:00+00:00,40.790000915527344
2025-11-14 15:17:00+00:00,40.775001525878906
2025-11-14 15:18:00+00:00,40.77000045776367
2025-11-14 15:19:00+00:00,40.82500076293945
2025-11-14 15:20:00+00:00,40.80500030517578
2025-11-14 15:21:00+00:00,40.83000183105469
2025-11-14 15:22:00+00:00,40.79999923706055
2025-11-14 15:23:00+00:00,40.810001373291016
2025-11-14 15:24:00+00:00,40.79999923706055
2025-11-14 15:25:00+00:00,40.779998779296875
2025-11-14 15:26:00+00:00,40.724998474121094
2025-11-14 15:27:00+00:00,40.69499969482422
2025-11-14 15:28:00+00:00,40.68000030517578
2025-11-14 15:29:00+00:00,40.744998931884766
2025-11-14 15:30:00+00:00,40.73500061035156
2025-11-14 15:31:00+00:00,40.7400016784668
2025-11-14 15:32:00+00:00,40.71500015258789
2025-11-14 15:33:00+00:00,40.71500015258789
2025-11-14 15:34:00+00:00,40.71500015258789
2025-11-14 15:35:00+00:00,40.71229934692383
2025-11-14 15:36:00+00:00,40.73500061035156
2025-11-14 15:37:00+00:00,40.724998474121094
2025-11-14 15:38:00+00:00,40.70500183105469
2025-11-14 15:39:00+00:00,40.67499923706055
2025-11-14 15:40:00+00:00,40.70500183105469
2025-11-14 15:41:00+00:00,40.720001220703125
2025-11-14 15:42:00+00:00,40.70500183105469
2025-11-14 15:43:00+00:00,40.67499923706055
2025-11-14 15:44:00+00:00,40.65999984741211
2025-11-14 15:45:00+00:00,40.70500183105469
2025-11-14 15:46:00+00:00,40.71009826660156
2025-11-14 15:47:00+00:00,40.749900817871094
2025-11-14 15:48:00+00:00,40.775001525878906
2025-11-14 15:49:00+00:00,40.80500030517578
2025-11-14 15:50:00+00:00,40.82500076293945
2025-11-14 15:51:00+00:00,40.834999084472656
2025-11-14 15:52:00+00:00,40.89929962158203
2025-11-14 15:53:00+00:00,40.915000915527344
2025-11-14 15:54:00+00:00,40.91999816894531
2025-11-14 15:55:00+00:00,40.939998626708984
2025-11-14 15:56:00+00:00,40.93000030517578
2025-11-14 15:57:00+00:00,40.915000915527344
2025-11-14 15:58:00+00:00,40.85499954223633
2025-11-14 15:59:00+00:00,40.880001068115234
2025-11-14 16:00:00+00:00,40.875
2025-11-14 16:01:00+00:00,40.875
2025-11-14 16:02:00+00:00,40.880001068115234
2025-11-14 16:03:00+00:00,40.884300231933594
2025-11-14 16:04:00+00:00,40.875
2025-11-14 16:05:00+00:00,40.91999816894531
2025-11-14 16:06:00+00:00,40.90129852294922
2025-11-14 16:07:00+00:00,40.8650016784668
2025-11-14 16:08:00+00:00,40.88999938964844
2025-11-14 16:09:00+00:00,40.880001068115234
2025-11-14 16:10:00+00:00,40.86800003051758
2025-11-14 16:11:00+00:00,40.86920166015625
2025-11-14 16:12:00+00:00,40.904998779296875
2025-11-14 16:13:00+00:00,40.904998779296875
2025-11-14 16:14:00+00:00,40.904998779296875
2025-11-14 16:15:00+00:00,40.935001373291016
2025-11-14 16:16:00+00:00,40.915000915527344
2025-11-14 16:17:00+00:00,40.904998779296875
2025-11-14 16:18:00+00:00,40.935001373291016
2025-11-14 16:19:00+00:00,40.94499969482422
2025-11-14 16:20:00+00:00,40.880001068115234
2025-11-14 16:21:00+00:00,40.8849983215332
2025-11-14 16:22:00+00:00,40.894500732421875
2025-11-14 16:23:00+00:00,40.8849983215332
2025-11-14 16:24:00+00:00,40.8849983215332
2025-11-14 16:25:00+00:00,40.849998474121094
2025-11-14 16:26:00+00:00,40.8650016784668
2025-11-14 16:27:00+00:00,40.880001068115234
2025-11-14 16:28:00+00:00,40.884300231933594
2025-11-14 16:29:00+00:00,40.88999938964844
2025-11-14 16:30:00+00:00,40.869998931884766
2025-11-14 16:31:00+00:00,40.834999084472656
2025-11-14 16:32:00+00:00,40.80500030517578
2025-11-14 16:33:00+00:00,40.82500076293945
2025-11-14 16:34:00+00:00,40.814998626708984
2025-11-14 16:35:00+00:00,40.814998626708984
2025-11-14 16:36:00+00:00,40.790000915527344
2025-11-14 16:37:00+00:00,40.79499816894531
2025-11-14 16:38:00+00:00,40.810001373291016
2025-11-14 16:39:00+00:00,40.807498931884766
2025-11-14 16:40:00+00:00,40.83580017089844
2025-11-14 16:41:00+00:00,40.82500076293945
2025-11-14 16:42:00+00:00,40.79499816894531
2025-11-14 16:43:00+00:00,40.834999084472656
2025-11-14 16:44:00+00:00,40.81999969482422
2025-11-14 16:45:00+00:00,40.82500076293945
2025-11-14 16:46:00+00:00,40.834999084472656
2025-11-14 16:47:00+00:00,40.814998626708984
2025-11-14 16:48:00+00:00,40.834999084472656
2025-11-14 16:49:00+00:00,40.814998626708984
2025-11-14 16:50:00+00:00,40.83000183105469
2025-11-14 16:51:00+00:00,40.83580017089844
2025-11-14 16:52:00+00:00,40.81999969482422
2025-11-14 16:53:00+00:00,40.834999084472656
2025-11-14 16:54:00+00:00,40.82500076293945
2025-11-14 16:55:00+00:00,40.85499954223633
2025-11-14 16:56:00+00:00,40.84000015258789
2025-11-14 16:57:00+00:00,40.845001220703125
2025-11-14 16:58:00+00:00,40.85499954223633
2025-11-14 16:59:00+00:00,40.845001220703125
2025-11-14 17:00:00+00:00,40.8650016784668
2025-11-14 17:01:00+00:00,40.8650016784668
2025-11-14 17:02:00+00:00,40.8650016784668
2025-11-14 17:03:00+00:00,40.8650016784668
2025-11-14 17:04:00+00:00,40.869998931884766
2025-11-14 17:05:00+00:00,40.845001220703125
2025-11-14 17:06:00+00:00,40.834999084472656
2025-11-14 17:07:00+00:00,40.814998626708984
2025-11-14 17:08:00+00:00,40.834999084472656
2025-11-14 17:09:00+00:00,40.83549880981445
2025-11-14 17:10:00+00:00,40.83000183105469
2025-11-14 17:11:00+00:00,40.855098724365234
2025-11-14 17:12:00+00:00,40.845001220703125
2025-11-14 17:13:00+00:00,40.834999084472656
2025-11-14 17:14:00+00:00,40.80350112915039
2025-11-14 17:15:00+00:00,40.78499984741211
2025-11-14 17:16:00+00:00,40.81999969482422
2025-11-14 17:17:00+00:00,40.80500030517578
2025-11-14 17:18:00+00:00,40.79499816894531
2025-11-14 17:19:00+00:00,40.81999969482422
2025-11-14 17:20:00+00:00,40.78499984741211
2025-11-14 17:21:00+00:00,40.814998626708984
2025-11-14 17:22:00+00:00,40.79499816894531
2025-11-14 17:23:00+00:00,40.79499816894531
2025-11-14 17:24:00+00:00,40.78499984741211
2025-11-14 17:25:00+00:00,40.775001525878906
2025-11-14 17:26:00+00:00,40.76499938964844
2025-11-14 17:27:00+00:00,40.79499816894531
2025-11-14 17:28:00+00:00,40.79999923706055
2025-11-14 17:29:00+00:00,40.78499984741211
2025-11-14 17:30:00+00:00,40.80500030517578
2025-11-14 17:31:00+00:00,40.834999084472656
2025-11-14 17:32:00+00:00,40.84000015258789
2025-11-14 17:33:00+00:00,40.8650016784668
2025-11-14 17:34:00+00:00,40.875
2025-11-14 17:35:00+00:00,40.8650016784668
2025-11-14 17:36:00+00:00,40.869998931884766
2025-11-14 17:37:00+00:00,40.875
2025-11-14 17:38:00+00:00,40.8650016784668
2025-11-14 17:39:00+00:00,40.86000061035156
2025-11-14 17:40:00+00:00,40.834999084472656
2025-11-14 17:41:00+00:00,40.845001220703125
2025-11-14 17:42:00+00:00,40.83000183105469
2025-11-14 17:43:00+00:00,40.85499954223633
2025-11-14 17:44:00+00:00,40.85499954223633
2025-11-14 17:45:00+00:00,40.8650016784668
2025-11-14 17:46:00+00:00,40.82500076293945
2025-11-14 17:47:00+00:00,40.82709884643555
2025-11-14 17:48:00+00:00,40.845001220703125
2025-11-14 17:49:00+00:00,40.849998474121094
2025-11-14 17:50:00+00:00,40.85499954223633
2025-11-14 17:51:00+00:00,40.88999938964844
2025-11-14 17:52:00+00:00,40.869998931884766
2025-11-14 17:53:00+00:00,40.88999938964844
2025-11-14 17:54:00+00:00,40.8849983215332
2025-11-14 17:55:00+00:00,40.904998779296875
2025-11-14 17:56:00+00:00,40.86000061035156
2025-11-14 17:57:00+00:00,40.849998474121094
2025-11-14 17:58:00+00:00,40.86000061035156
2025-11-14 17:59:00+00:00,40.8838996887207
2025-11-14 18:00:00+00:00,40.85559844970703
2025-11-14 18:01:00+00:00,40.80500030517578
2025-11-14 18:02:00+00:00,40.79499816894531
2025-11-14 18:03:00+00:00,40.83000183105469
2025-11-14 18:04:00+00:00,40.834999084472656
2025-11-14 18:05:00+00:00,40.834999084472656
2025-11-14 18:06:00+00:00,40.839900970458984
2025-11-14 18:07:00+00:00,40.814998626708984
2025-11-14 18:08:00+00:00,40.814998626708984
2025-11-14 18:09:00+00:00,40.83399963378906
2025-11-14 18:10:00+00:00,40.834999084472656
2025-11-14 18:11:00+00:00,40.84989929199219
2025-11-14 18:12:00+00:00,40.83000183105469
2025-11-14 18:13:00+00:00,40.834999084472656
2025-11-14 18:14:00+00:00,40.845001220703125
2025-11-14 18:15:00+00:00,40.84000015258789
2025-11-14 18:16:00+00:00,40.85210037231445
2025-11-14 18:17:00+00:00,40.867401123046875
2025-11-14 18:18:00+00:00,40.850101470947266
2025-11-14 18:19:00+00:00,40.834999084472656
2025-11-14 18:20:00+00:00,40.823699951171875
2025-11-14 18:21:00+00:00,40.814998626708984
2025-11-14 18:22:00+00:00,40.814998626708984
2025-11-14 18:23:00+00:00,40.834999084472656
2025-11-14 18:24:00+00:00,40.82419967651367
2025-11-14 18:25:00+00:00,40.80030059814453
2025-11-14 18:26:00+00:00,40.79499816894531
2025-11-14 18:27:00+00:00,40.80500030517578
2025-11-14 18:28:00+00:00,40.80500030517578
2025-11-14 18:29:00+00:00,40.80500030517578
2025-11-14 18:30:00+00:00,40.810001373291016
2025-11-14 18:31:00+00:00,40.810001373291016
2025-11-14 18:32:00+00:00,40.82500076293945
2025-11-14 18:33:00+00:00,40.82500076293945
2025-11-14 18:34:00+00:00,40.82500076293945
2025-11-14 18:35:00+00:00,40.834999084472656
2025-11-14 18:36:00+00:00,40.834999084472656
2025-11-14 18:37:00+00:00,40.834999084472656
2025-11-14 18:38:00+00:00,40.86009979248047
2025-11-14 18:39:00+00:00,40.849998474121094
2025-11-14 18:40:00+00:00,40.86000061035156
2025-11-14 18:41:00+00:00,40.869998931884766
2025-11-14 18:42:00+00:00,40.852298736572266
2025-11-14 18:43:00+00:00,40.85499954223633
2025-11-14 18:44:00+00:00,40.85499954223633
2025-11-14 18:45:00+00:00,40.845001220703125
2025-11-14 18:46:00+00:00,40.85029983520508
2025-11-14 18:47:00+00:00,40.85499954223633
2025-11-14 18:48:00+00:00,40.875
2025-11-14 18:49:00+00:00,40.869998931884766
2025-11-14 18:50:00+00:00,40.875
2025-11-14 18:51:00+00:00,40.8650016784668
2025-11-14 18:52:00+00:00,40.89500045776367
2025-11-14 18:53:00+00:00,40.90999984741211
2025-11-14 18:54:00+00:00,40.904998779296875
2025-11-14 18:55:00+00:00,40.92499923706055
2025-11-14 18:56:00+00:00,40.970001220703125
2025-11-14 18:57:00+00:00,40.974998474121094
2025-11-14 18:58:00+00:00,41.00579833984375
2025-11-14 18:59:00+00:00,41.005001068115234
2025-11-14 19:00:00+00:00,41.025001525878906
2025-11-14 19:01:00+00:00,40.974998474121094
2025-11-14 19:02:00+00:00,40.96009826660156
2025-11-14 19:03:00+00:00,40.970001220703125
2025-11-14 19:04:00+00:00,40.974998474121094
2025-11-14 19:05:00+00:00,40.974998474121094
2025-11-14 19:06:00+00:00,40.974998474121094
2025-11-14 19:07:00+00:00,40.97999954223633
2025-11-14 19:08:00+00:00,40.98310089111328
2025-11-14 19:09:00+00:00,40.9718017578125
2025-11-14 19:10:00+00:00,40.974998474121094
2025-11-14 19:11:00+00:00,40.96500015258789
2025-11-14 19:12:00+00:00,40.974998474121094
2025-11-14 19:13:00+00:00,40.974998474121094
2025-11-14 19:14:00+00:00,41.0
2025-11-14 19:15:00+00:00,40.98970031738281
2025-11-14 19:16:00+00:00,40.935001373291016
2025-11-14 19:17:00+00:00,40.935001373291016
2025-11-14 19:18:00+00:00,40.8849983215332
2025-11-14 19:19:00+00:00,40.8849983215332
2025-11-14 19:20:00+00:00,40.915000915527344
2025-11-14 19:21:00+00:00,40.92259979248047
2025-11-14 19:22:00+00:00,40.92499923706055
2025-11-14 19:23:00+00:00,40.93450164794922
2025-11-14 19:24:00+00:00,40.954498291015625
2025-11-14 19:25:00+00:00,40.94499969482422
2025-11-14 19:26:00+00:00,40.944400787353516
2025-11-14 19:27:00+00:00,40.92499923706055
2025-11-14 19:28:00+00:00,40.92499923706055
2025-11-14 19:29:00+00:00,40.915000915527344
2025-11-14 19:30:00+00:00,40.94350051879883
2025-11-14 19:31:00+00:00,40.915000915527344
2025-11-14 19:32:00+00:00,40.923500061035156
2025-11-14 19:33:00+00:00,40.935001373291016
2025-11-14 19:34:00+00:00,40.94499969482422
2025-11-14 19:35:00+00:00,40.94499969482422
2025-11-14 19:36:00+00:00,40.9900016784668
2025-11-14 19:37:00+00:00,41.005001068115234
2025-11-14 19:38:00+00:00,41.01499938964844
2025-11-14 19:39:00+00:00,40.994998931884766
2025-11-14 19:40:00+00:00,40.994998931884766
2025-11-14 19:41:00+00:00,40.994998931884766
2025-11-14 19:42:00+00:00,40.98500061035156
2025-11-14 19:43:00+00:00,40.994998931884766
2025-11-14 19:44:00+00:00,40.9901008605957
2025-11-14 19:45:00+00:00,41.00410079956055
2025-11-14 19:46:00+00:00,41.005001068115234
2025-11-14 19:47:00+00:00,41.005001068115234
2025-11-14 19:48:00+00:00,40.99549865722656
2025-11-14 19:49:00+00:00,40.9900016784668
2025-11-14 19:50:00+00:00,40.98500061035156
2025-11-14 19:51:00+00:00,40.97999954223633
2025-11-14 19:52:00+00:00,40.98500061035156
2025-11-14 19:53:00+00:00,40.98500061035156
2025-11-14 19:54:00+00:00,41.005001068115234
2025-11-14 19:55:00+00:00,41.0
2025-11-14 19:56:00+00:00,41.005001068115234
2025-11-14 19:57:00+00:00,41.005001068115234
2025-11-14 19:58:00+00:00,41.01499938964844
2025-11-14 19:59:00+00:00,41.02000045776367
2025-11-14 20:00:00+00:00,41.01499938964844
2025-11-14 20:01:00+00:00,41.025001525878906
2025-11-14 20:02:00+00:00,41.025001525878906
2025-11-14 20:03:00+00:00,41.04990005493164
2025-11-14 20:04:00+00:00,41.04499816894531
2025-11-14 20:05:00+00:00,41.03499984741211
2025-11-14 20:06:00+00:00,41.04499816894531
2025-11-14 20:07:00+00:00,41.04499816894531
2025-11-14 20:08:00+00:00,41.05500030517578
2025-11-14 20:09:00+00:00,41.064998626708984
2025-11-14 20:10:00+00:00,41.07500076293945
2025-11-14 20:11:00+00:00,41.08000183105469
2025-11-14 20:12:00+00:00,41.063899993896484
2025-11-14 20:13:00+00:00,41.067501068115234
2025-11-14 20:14:00+00:00,41.07500076293945
2025-11-14 20:15:00+00:00,41.07550048828125
2025-11-14 20:16:00+00:00,41.08000183105469
2025-11-14 20:17:00+00:00,41.07500076293945
2025-11-14 20:18:00+00:00,41.05500030517578
2025-11-14 20:19:00+00:00,41.06999969482422
2025-11-14 20:20:00+00:00,41.1150016784668
2025-11-14 20:21:00+00:00,41.10499954223633
2025-11-14 20:22:00+00:00,41.09749984741211
2025-11-14 20:23:00+00:00,41.08539962768555
2025-11-14 20:24:00+00:00,41.084999084472656
2025-11-14 20:25:00+00:00,41.080101013183594
2025-11-14 20:26:00+00:00,41.095001220703125
2025-11-14 20:27:00+00:00,41.084999084472656
2025-11-14 20:28:00+00:00,41.064998626708984
2025-11-14 20:29:00+00:00,41.05500030517578
2025-11-14 20:30:00+00:00,41.07500076293945
2025-11-14 20:31:00+00:00,41.084999084472656
2025-11-14 20:32:00+00:00,41.095001220703125
2025-11-14 20:33:00+00:00,41.07500076293945
2025-11-14 20:34:00+00:00,41.07500076293945
2025-11-14 20:35:00+00:00,41.084999084472656
2025-11-14 20:36:00+00:00,41.07500076293945
2025-11-14 20:37:00+00:00,41.040000915527344
2025-11-14 20:38:00+00:00,41.04499816894531
2025-11-14 20:39:00+00:00,41.04499816894531
2025-11-14 20:40:00+00:00,41.025001525878906
2025-11-14 20:41:00+00:00,41.0
2025-11-14 20:42:00+00:00,41.0
2025-11-14 20:43:00+00:00,41.05500030517578
2025-11-14 20:44:00+00:00,41.04499816894531
2025-11-14 20:45:00+00:00,41.025001525878906
2025-11-14 20:46:00+00:00,41.04499816894531
2025-11-14 20:47:00+00:00,41.04499816894531
2025-11-14 20:48:00+00:00,41.03499984741211
2025-11-14 20:49:00+00:00,41.040000915527344
2025-11-14 20:50:00+00:00,41.07500076293945
2025-11-14 20:51:00+00:00,41.09579849243164
2025-11-14 20:52:00+00:00,41.064998626708984
2025-11-14 20:53:00+00:00,41.08000183105469
2025-11-14 20:54:00+00:00,41.060001373291016
2025-11-14 20:55:00+00:00,41.005001068115234
2025-11-14 20:56:00+00:00,41.01499938964844
2025-11-14 20:57:00+00:00,41.03499984741211
2025-11-14 20:58:00+00:00,41.03499984741211
2025-11-14 20:59:00+00:00,41.064998626708984
2025-11-17 14:30:00+00:00,41.060001373291016
2025-11-17 14:31:00+00:00,40.97999954223633
2025-11-17 14:32:00+00:00,40.9900016784668
2025-11-17 14:33:00+00:00,41.060001373291016
2025-11-17 14:34:00+00:00,41.060001373291016
2025-11-17 14:35:00+00:00,41.130001068115234
2025-11-17 14:36:00+00:00,41.08000183105469
2025-11-17 14:37:00+00:00,41.04999923706055
2025-11-17 14:38:00+00:00,41.03499984741211
2025-11-17 14:39:00+00:00,41.09000015258789
2025-11-17 14:40:00+00:00,41.064998626708984
2025-11-17 14:41:00+00:00,41.025001525878906
2025-11-17 14:42:00+00:00,40.9901008605957
2025-11-17 14:43:00+00:00,41.02989959716797
2025-11-17 14:44:00+00:00,41.01499938964844
2025-11-17 14:45:00+00:00,40.95000076293945
2025-11-17 14:46:00+00:00,40.94620132446289
2025-11-17 14:47:00+00:00,40.935001373291016
2025-11-17 14:48:00+00:00,40.88999938964844
2025-11-17 14:49:00+00:00,40.94499969482422
2025-11-17 14:50:00+00:00,40.90999984741211
2025-11-17 14:51:00+00:00,40.90999984741211
2025-11-17 14:52:00+00:00,40.96500015258789
2025-11-17 14:53:00+00:00,40.94499969482422
2025-11-17 14:54:00+00:00,40.959999084472656
2025-11-17 14:55:00+00:00,40.959999084472656
2025-11-17 14:56:00+00:00,40.989898681640625
2025-11-17 14:57:00+00:00,40.974998474121094
2025-11-17 14:58:00+00:00,40.925498962402344
2025-11-17 14:59:00+00:00,41.0099983215332
2025-11-17 15:00:00+00:00,40.970001220703125
2025-11-17 15:01:00+00:00,41.005001068115234
2025-11-17 15:02:00+00:00,40.98649978637695
2025-11-17 15:03:00+00:00,41.01499938964844
2025-11-17 15:04:00+00:00,41.01449966430664
2025-11-17 15:05:00+00:00,40.959999084472656
2025-11-17 15:06:00+00:00,40.95000076293945
2025-11-17 15:07:00+00:00,40.994998931884766
2025-11-17 15:08:00+00:00,41.03499984741211
2025-11-17 15:09:00+00:00,41.025001525878906
2025-11-17 15:10:00+00:00,41.04499816894531
2025-11-17 15:11:00+00:00,40.994998931884766
2025-11-17 15:12:00+00:00,40.98500061035156
2025-11-17 15:13:00+00:00,40.9900016784668
2025-11-17 15:14:00+00:00,41.006500244140625
2025-11-17 15:15:00+00:00,41.06999969482422
2025-11-17 15:16:00+00:00,41.119998931884766
2025-11-17 15:17:00+00:00,41.14440155029297
2025-11-17 15:18:00+00:00,41.125
2025-11-17 15:19:00+00:00,41.17499923706055
2025-11-17 15:20:00+00:00,41.1349983215332
2025-11-17 15:21:00+00:00,41.135101318359375
2025-11-17 15:22:00+00:00,41.119998931884766
2025-11-17 15:23:00+00:00,41.1150016784668
2025-11-17 15:24:00+00:00,41.10770034790039
2025-11-17 15:25:00+00:00,41.14500045776367
2025-11-17 15:26:00+00:00,41.165000915527344
2025-11-17 15:27:00+00:00,41.1349983215332
2025-11-17 15:28:00+00:00,41.1150016784668
2025-11-17 15:29:00+00:00,41.1150016784668
2025-11-17 15:30:00+00:00,41.130001068115234
2025-11-17 15:31:00+00:00,41.11009979248047
2025-11-17 15:32:00+00:00,41.10499954223633
2025-11-17 15:33:00+00:00,41.07500076293945
2025-11-17 15:34:00+00:00,41.099998474121094
2025-11-17 15:35:00+00:00,41.09510040283203
2025-11-17 15:36:00+00:00,41.095001220703125
2025-11-17 15:37:00+00:00,41.100101470947266
2025-11-17 15:38:00+00:00,41.095001220703125
2025-11-17 15:39:00+00:00,41.095001220703125
2025-11-17 15:40:00+00:00,41.099998474121094
2025-11-17 15:41:00+00:00,41.04499816894531
2025-11-17 15:42:00+00:00,41.025001525878906
2025-11-17 15:43:00+00:00,41.01449966430664
2025-11-17 15:44:00+00:00,41.0099983215332
2025-11-17 15:45:00+00:00,41.01499938964844
2025-11-17 15:46:00+00:00,41.01499938964844
2025-11-17 15:47:00+00:00,41.04999923706055
2025-11-17 15:48:00+00:00,41.03450012207031
2025-11-17 15:49:00+00:00,41.04499816894531
2025-11-17 15:50:00+00:00,41.029998779296875
2025-11-17 15:51:00+00:00,41.05500030517578
2025-11-17 15:52:00+00:00,41.064998626708984
2025-11-17 15:53:00+00:00,41.05500030517578
2025-11-17 15:54:00+00:00,41.034400939941406
2025-11-17 15:55:00+00:00,41.075599670410156
2025-11-17 15:56:00+00:00,41.064998626708984
2025-11-17 15:57:00+00:00,41.07500076293945
2025-11-17 15:58:00+00:00,41.07500076293945
2025-11-17 15:59:00+00:00,41.084999084472656
2025-11-17 16:00:00+00:00,41.04999923706055
2025-11-17 16:01:00+00:00,41.1150016784668
2025-11-17 16:02:00+00:00,41.119998931884766
2025-11-17 16:03:00+00:00,41.095001220703125
2025-11-17 16:04:00+00:00,41.10499954223633
2025-11-17 16:05:00+00:00,41.095001220703125
2025-11-17 16:06:00+00:00,41.1416015625
2025-11-17 16:07:00+00:00,41.154998779296875
2025-11-17 16:08:00+00:00,41.144500732421875
2025-11-17 16:09:00+00:00,41.15010070800781
2025-11-17 16:10:00+00:00,41.11000061035156
2025-11-17 16:11:00+00:00,41.084999084472656
2025-11-17 16:12:00+00:00,41.105098724365234
2025-11-17 16:13:00+00:00,41.084999084472656
2025-11-17 16:14:00+00:00,41.07500076293945
2025-11-17 16:15:00+00:00,41.07500076293945
2025-11-17 16:16:00+00:00,41.079898834228516
2025-11-17 16:17:00+00:00,41.0348014831543
2025-11-17 16:18:00+00:00,41.04560089111328
2025-11-17 16:19:00+00:00,41.084999084472656
2025-11-17 16:20:00+00:00,41.1349983215332
2025-11-17 16:21:00+00:00,41.153099060058594
2025-11-17 16:22:00+00:00,41.144798278808594
2025-11-17 16:23:00+00:00,41.119998931884766
2025-11-17 16:24:00+00:00,41.095001220703125
2025-11-17 16:25:00+00:00,41.109798431396484
2025-11-17 16:26:00+00:00,41.1349983215332
2025-11-17 16:27:00+00:00,41.119998931884766
2025-11-17 16:28:00+00:00,41.10820007324219
2025-11-17 16:29:00+00:00,41.122501373291016
2025-11-17 16:30:00+00:00,41.14509963989258
2025-11-17 16:31:00+00:00,41.165000915527344
2025-11-17 16:32:00+00:00,41.160099029541016
2025-11-17 16:33:00+00:00,41.15589904785156
2025-11-17 16:34:00+00:00,41.150001525878906
2025-11-17 16:35:00+00:00,41.154998779296875
2025-11-17 16:36:00+00:00,41.18000030517578
2025-11-17 16:37:00+00:00,41.189998626708984
2025-11-17 16:38:00+00:00,41.189998626708984
2025-11-17 16:39:00+00:00,41.187400817871094
2025-11-17 16:40:00+00:00,41.18280029296875
2025-11-17 16:41:00+00:00,41.15999984741211
2025-11-17 16:42:00+00:00,41.165000915527344
2025-11-17 16:43:00+00:00,41.17499923706055
2025-11-17 16:44:00+00:00,41.15999984741211
2025-11-17 16:45:00+00:00,41.154998779296875
2025-11-17 16:46:00+00:00,41.165000915527344
2025-11-17 16:47:00+00:00,41.185001373291016
2025-11-17 16:48:00+00:00,41.19499969482422
2025-11-17 16:49:00+00:00,41.20500183105469
2025-11-17 16:50:00+00:00,41.21500015258789
2025-11-17 16:51:00+00:00,41.21989822387695
2025-11-17 16:52:00+00:00,41.2244987487793
2025-11-17 16:53:00+00:00,41.23500061035156
2025-11-17 16:54:00+00:00,41.26580047607422
2025-11-17 16:55:00+00:00,41.255001068115234
2025-11-17 16:56:00+00:00,41.244998931884766
2025-11-17 16:57:00+00:00,41.244998931884766
2025-11-17 16:58:00+00:00,41.244998931884766
2025-11-17 16:59:00+00:00,41.244998931884766
2025-11-17 17:00:00+00:00,41.255001068115234
2025-11-17 17:01:00+00:00,41.2400016784668
2025-11-17 17:02:00+00:00,41.244998931884766
2025-11-17 17:03:00+00:00,41.268798828125
2025-11-17 17:04:00+00:00,41.255001068115234
2025-11-17 17:05:00+00:00,41.254798889160156
2025-11-17 17:06:00+00:00,41.20500183105469
2025-11-17 17:07:00+00:00,41.185001373291016
2025-11-17 17:08:00+00:00,41.17499923706055
2025-11-17 17:09:00+00:00,41.17499923706055
2025-11-17 17:10:00+00:00,41.185001373291016
2025-11-17 17:11:00+00:00,41.18000030517578
2025-11-17 17:12:00+00:00,41.185001373291016
2025-11-17 17:13:00+00:00,41.185001373291016
2025-11-17 17:14:00+00:00,41.19499969482422
2025-11-17 17:15:00+00:00,41.196998596191406
2025-11-17 17:16:00+00:00,41.20000076293945
2025-11-17 17:17:00+00:00,41.189998626708984
2025-11-17 17:18:00+00:00,41.185001373291016
2025-11-17 17:19:00+00:00,41.17499923706055
2025-11-17 17:20:00+00:00,41.1702995300293
2025-11-17 17:21:00+00:00,41.154998779296875
2025-11-17 17:22:00+00:00,41.154998779296875
2025-11-17 17:23:00+00:00,41.14500045776367
2025-11-17 17:24:00+00:00,41.14500045776367
2025-11-17 17:25:00+00:00,41.154998779296875
2025-11-17 17:26:00+00:00,41.189998626708984
2025-11-17 17:27:00+00:00,41.18519973754883
2025-11-17 17:28:00+00:00,41.1870002746582
2025-11-17 17:29:00+00:00,41.16999816894531
2025-11-17 17:30:00+00:00,41.195499420166016
2025-11-17 17:31:00+00:00,41.19499969482422
2025-11-17 17:32:00+00:00,41.19499969482422
2025-11-17 17:33:00+00:00,41.1952018737793
2025-11-17 17:34:00+00:00,41.209999084472656
2025-11-17 17:35:00+00:00,41.20500183105469
2025-11-17 17:36:00+00:00,41.20500183105469
2025-11-17 17:37:00+00:00,41.19499969482422
2025-11-17 17:38:00+00:00,41.19499969482422
2025-11-17 17:39:00+00:00,41.189998626708984
2025-11-17 17:40:00+00:00,41.19499969482422
2025-11-17 17:41:00+00:00,41.19499969482422
2025-11-17 17:42:00+00:00,41.19499969482422
2025-11-17 17:43:00+00:00,41.224998474121094
2025-11-17 17:44:00+00:00,41.21009826660156
2025-11-17 17:45:00+00:00,41.185001373291016
2025-11-17 17:46:00+00:00,41.190101623535156
2025-11-17 17:47:00+00:00,41.17559814453125
2025-11-17 17:48:00+00:00,41.18000030517578
2025-11-17 17:49:00+00:00,41.20000076293945
2025-11-17 17:50:00+00:00,41.21500015258789
2025-11-17 17:51:00+00:00,41.20500183105469
2025-11-17 17:52:00+00:00,41.21500015258789
2025-11-17 17:53:00+00:00,41.20500183105469
2025-11-17 17:54:00+00:00,41.20500183105469
2025-11-17 17:55:00+00:00,41.20500183105469
2025-11-17 17:56:00+00:00,41.19499969482422
2025-11-17 17:57:00+00:00,41.20000076293945
2025-11-17 17:58:00+00:00,41.20000076293945
2025-11-17 17:59:00+00:00,41.195499420166016
2025-11-17 18:00:00+00:00,41.17789840698242
2025-11-17 18:01:00+00:00,41.1599006652832
2025-11-17 18:02:00+00:00,41.154998779296875
2025-11-17 18:03:00+00:00,41.165000915527344
2025-11-17 18:04:00+00:00,41.17499923706055
2025-11-17 18:05:00+00:00,41.18425750732422
2025-11-17 18:06:00+00:00,41.16350173950195
2025-11-17 18:07:00+00:00,41.17499923706055
2025-11-17 18:08:00+00:00,41.17300033569336
2025-11-17 18:09:00+00:00,41.214500427246094
2025-11-17 18:10:00+00:00,41.224998474121094
2025-11-17 18:11:00+00:00,41.20500183105469
2025-11-17 18:12:00+00:00,41.20500183105469
2025-11-17 18:13:00+00:00,41.20500183105469
2025-11-17 18:14:00+00:00,41.19409942626953
2025-11-17 18:15:00+00:00,41.20000076293945
2025-11-17 18:16:00+00:00,41.19499969482422
2025-11-17 18:17:00+00:00,41.14500045776367
2025-11-17 18:18:00+00:00,41.10499954223633
2025-11-17 18:19:00+00:00,41.1239013671875
2025-11-17 18:20:00+00:00,41.150001525878906
2025-11-17 18:21:00+00:00,41.165000915527344
2025-11-17 18:22:00+00:00,41.18000030517578
2025-11-17 18:23:00+00:00,41.20500183105469
2025-11-17 18:24:00+00:00,41.20000076293945
2025-11-17 18:25:00+00:00,41.18009948730469
2025-11-17 18:26:00+00:00,41.20500183105469
2025-11-17 18:27:00+00:00,41.21500015258789
2025-11-17 18:28:00+00:00,41.20500183105469
2025-11-17 18:29:00+00:00,41.220001220703125
2025-11-17 18:30:00+00:00,41.21989822387695
2025-11-17 18:31:00+00:00,41.21500015258789
2025-11-17 18:32:00+00:00,41.220001220703125
2025-11-17 18:33:00+00:00,41.224998474121094
2025-11-17 18:34:00+00:00,41.23099899291992
2025-11-17 18:35:00+00:00,41.22999954223633
2025-11-17 18:36:00+00:00,41.220001220703125
2025-11-17 18:37:00+00:00,41.2150993347168
2025-11-17 18:38:00+00:00,41.21989822387695
2025-11-17 18:39:00+00:00,41.20500183105469
2025-11-17 18:40:00+00:00,41.19129943847656
2025-11-17 18:41:00+00:00,41.19499969482422
2025-11-17 18:42:00+00:00,41.20000076293945
2025-11-17 18:43:00+00:00,41.21500015258789
2025-11-17 18:44:00+00:00,41.20500183105469
2025-11-17 18:45:00+00:00,41.21500015258789
2025-11-17 18:46:00+00:00,41.21540069580078
2025-11-17 18:47:00+00:00,41.21500015258789
2025-11-17 18:48:00+00:00,41.21009826660156
2025-11-17 18:49:00+00:00,41.20009994506836
2025-11-17 18:50:00+00:00,41.23500061035156
2025-11-17 18:51:00+00:00,41.22269821166992
2025-11-17 18:52:00+00:00,41.230098724365234
2025-11-17 18:53:00+00:00,41.2328987121582
2025-11-17 18:54:00+00:00,41.23500061035156
2025-11-17 18:55:00+00:00,41.22999954223633
2025-11-17 18:56:00+00:00,41.23500061035156
2025-11-17 18:57:00+00:00,41.24509811401367
2025-11-17 18:58:00+00:00,41.26499938964844
2025-11-17 18:59:00+00:00,41.220001220703125
2025-11-17 19:00:00+00:00,41.20500183105469
2025-11-17 19:01:00+00:00,41.207801818847656
2025-11-17 19:02:00+00:00,41.19499969482422
2025-11-17 19:03:00+00:00,41.185001373291016
2025-11-17 19:04:00+00:00,41.18550109863281
2025-11-17 19:05:00+00:00,41.16999816894531
2025-11-17 19:06:00+00:00,41.178199768066406
2025-11-17 19:07:00+00:00,41.189998626708984
2025-11-17 19:08:00+00:00,41.13999938964844
2025-11-17 19:09:00+00:00,41.14500045776367
2025-11-17 19:10:00+00:00,41.13999938964844
2025-11-17 19:11:00+00:00,41.1349983215332
2025-11-17 19:12:00+00:00,41.150001525878906
2025-11-17 19:13:00+00:00,41.130001068115234
2025-11-17 19:14:00+00:00,41.130001068115234
2025-11-17 19:15:00+00:00,41.14500045776367
2025-11-17 19:16:00+00:00,41.14849853515625
2025-11-17 19:17:00+00:00,41.14500045776367
2025-11-17 19:18:00+00:00,41.154998779296875
2025-11-17 19:19:00+00:00,41.14500045776367
2025-11-17 19:20:00+00:00,41.154998779296875
2025-11-17 19:21:00+00:00,41.150001525878906
2025-11-17 19:22:00+00:00,41.14500045776367
2025-11-17 19:23:00+00:00,41.14500045776367
2025-11-17 19:24:00+00:00,41.1349983215332
2025-11-17 19:25:00+00:00,41.125
2025-11-17 19:26:00+00:00,41.1150016784668
2025-11-17 19:27:00+00:00,41.13999938964844
2025-11-17 19:28:00+00:00,41.14500045776367
2025-11-17 19:29:00+00:00,41.14500045776367
2025-11-17 19:30:00+00:00,41.1349983215332
2025-11-17 19:31:00+00:00,41.11000061035156
2025-11-17 19:32:00+00:00,41.125
2025-11-17 19:33:00+00:00,41.1150016784668
2025-11-17 19:34:00+00:00,41.125
2025-11-17 19:35:00+00:00,41.12009811401367
2025-11-17 19:36:00+00:00,41.119998931884766
2025-11-17 19:37:00+00:00,41.1150016784668
2025-11-17 19:38:00+00:00,41.114498138427734
2025-11-17 19:39:00+00:00,41.10499954223633
2025-11-17 19:40:00+00:00,41.1150016784668
2025-11-17 19:41:00+00:00,41.14500045776367
2025-11-17 19:42:00+00:00,41.14500045776367
2025-11-17 19:43:00+00:00,41.119998931884766
2025-11-17 19:44:00+00:00,41.1349983215332
2025-11-17 19:45:00+00:00,41.11000061035156
2025-11-17 19:46:00+00:00,41.11159896850586
2025-11-17 19:47:00+00:00,41.11000061035156
2025-11-17 19:48:00+00:00,41.11000061035156
2025-11-17 19:49:00+00:00,41.125
2025-11-17 19:50:00+00:00,41.125
2025-11-17 19:51:00+00:00,41.1349983215332
2025-11-17 19:52:00+00:00,41.1150016784668
2025-11-17 19:53:00+00:00,41.11000061035156
2025-11-17 19:54:00+00:00,41.125
2025-11-17 19:55:00+00:00,41.11000061035156
2025-11-17 19:56:00+00:00,41.099998474121094
2025-11-17 19:57:00+00:00,41.084999084472656
2025-11-17 19:58:00+00:00,41.07500076293945
2025-11-17 19:59:00+00:00,41.060699462890625
2025-11-17 20:00:00+00:00,41.03499984741211
2025-11-17 20:01:00+00:00,41.0099983215332
2025-11-17 20:02:00+00:00,41.03499984741211
2025-11-17 20:03:00+00:00,41.04010009765625
2025-11-17 20:04:00+00:00,41.04999923706055
2025-11-17 20:05:00+00:00,41.02330017089844
2025-11-17 20:06:00+00:00,41.025001525878906
2025-11-17 20:07:00+00:00,41.040000915527344
2025-11-17 20:08:00+00:00,41.064998626708984
2025-11-17 20:09:00+00:00,41.03499984741211
2025-11-17 20:10:00+00:00,41.05500030517578
2025-11-17 20:11:00+00:00,41.03499984741211
2025-11-17 20:12:00+00:00,41.03499984741211
2025-11-17 20:13:00+00:00,41.04499816894531
2025-11-17 20:14:00+00:00,41.03239822387695
2025-11-17 20:15:00+00:00,41.03499984741211
2025-11-17 20:16:00+00:00,41.025001525878906
2025-11-17 20:17:00+00:00,41.04499816894531
2025-11-17 20:18:00+00:00,41.04389953613281
2025-11-17 20:19:00+00:00,41.03499984741211
2025-11-17 20:20:00+00:00,41.01499938964844
2025-11-17 20:21:00+00:00,40.98500061035156
2025-11-17 20:22:00+00:00,40.974998474121094
2025-11-17 20:23:00+00:00,40.974998474121094
2025-11-17 20:24:00+00:00,40.98500061035156
2025-11-17 20:25:00+00:00,41.0
2025-11-17 20:26:00+00:00,41.01499938964844
2025-11-17 20:27:00+00:00,41.005001068115234
2025-11-17 20:28:00+00:00,41.0
2025-11-17 20:29:00+00:00,41.00429916381836
2025-11-17 20:30:00+00:00,40.99409866333008
2025-11-17 20:31:00+00:00,40.994998931884766
2025-11-17 20:32:00+00:00,41.00429916381836
2025-11-17 20:33:00+00:00,40.970001220703125
2025-11-17 20:34:00+00:00,40.96500015258789
2025-11-17 20:35:00+00:00,40.98609924316406
2025-11-17 20:36:00+00:00,40.994998931884766
2025-11-17 20:37:00+00:00,40.98500061035156
2025-11-17 20:38:00+00:00,40.98500061035156
2025-11-17 20:39:00+00:00,40.97999954223633
2025-11-17 20:40:00+00:00,40.999900817871094
2025-11-17 20:41:00+00:00,40.994998931884766
2025-11-17 20:42:00+00:00,40.994998931884766
2025-11-17 20:43:00+00:00,41.005001068115234
2025-11-17 20:44:00+00:00,41.01499938964844
2025-11-17 20:45:00+00:00,40.9900016784668
2025-11-17 20:46:00+00:00,41.01499938964844
2025-11-17 20:47:00+00:00,41.024200439453125
2025-11-17 20:48:00+00:00,41.01499938964844
2025-11-17 20:49:00+00:00,41.01499938964844
2025-11-17 20:50:00+00:00,41.01499938964844
2025-11-17 20:51:00+00:00,41.01499938964844
2025-11-17 20:52:00+00:00,41.04499816894531
2025-11-17 20:53:00+00:00,41.04499816894531
2025-11-17 20:54:00+00:00,41.01499938964844
2025-11-17 20:55:00+00:00,41.005001068115234
2025-11-17 20:56:00+00:00,41.005001068115234
2025-11-17 20:57:00+00:00,40.98500061035156
2025-11-17 20:58:00+00:00,40.97999954223633
2025-11-17 20:59:00+00:00,41.029998779296875
2025-11-18 14:30:00+00:00,41.11000061035156
2025-11-18 14:31:00+00:00,41.09000015258789
2025-11-18 14:32:00+00:00,41.040000915527344
2025-11-18 14:33:00+00:00,41.125
2025-11-18 14:34:00+00:00,41.209999084472656
2025-11-18 14:35:00+00:00,41.16999816894531
2025-11-18 14:36:00+00:00,41.150001525878906
2025-11-18 14:37:00+00:00,41.19499969482422
2025-11-18 14:38:00+00:00,41.11000061035156
2025-11-18 14:39:00+00:00,41.130001068115234
2025-11-18 14:40:00+00:00,41.17509841918945
2025-11-18 14:41:00+00:00,41.20000076293945
2025-11-18 14:42:00+00:00,41.21500015258789
2025-11-18 14:43:00+00:00,41.28499984741211
2025-11-18 14:44:00+00:00,41.26499938964844
2025-11-18 14:45:00+00:00,41.15999984741211
2025-11-18 14:46:00+00:00,41.19499969482422
2025-11-18 14:47:00+00:00,41.209999084472656
2025-11-18 14:48:00+00:00,41.125
2025-11-18 14:49:00+00:00,41.14500045776367
2025-11-18 14:50:00+00:00,41.064998626708984
2025-11-18 14:51:00+00:00,41.125
2025-11-18 14:52:00+00:00,41.1349983215332
2025-11-18 14:53:00+00:00,41.11000061035156
2025-11-18 14:54:00+00:00,41.130001068115234
2025-11-18 14:55:00+00:00,41.1150016784668
2025-11-18 14:56:00+00:00,41.0713996887207
2025-11-18 14:57:00+00:00,41.040000915527344
2025-11-18 14:58:00+00:00,41.11000061035156
2025-11-18 14:59:00+00:00,41.119998931884766
2025-11-18 15:00:00+00:00,41.119998931884766
2025-11-18 15:01:00+00:00,41.14550018310547
2025-11-18 15:02:00+00:00,41.16999816894531
2025-11-18 15:03:00+00:00,41.185001373291016
2025-11-18 15:04:00+00:00,41.25
2025-11-18 15:05:00+00:00,41.244998931884766
2025-11-18 15:06:00+00:00,41.244998931884766
2025-11-18 15:07:00+00:00,41.165000915527344
2025-11-18 15:08:00+00:00,41.144500732421875
2025-11-18 15:09:00+00:00,41.21500015258789
2025-11-18 15:10:00+00:00,41.22549819946289
2025-11-18 15:11:00+00:00,41.258201599121094
2025-11-18 15:12:00+00:00,41.28779983520508
2025-11-18 15:13:00+00:00,41.23500061035156
2025-11-18 15:14:00+00:00,41.28499984741211
2025-11-18 15:15:00+00:00,41.33000183105469
2025-11-18 15:16:00+00:00,41.380001068115234
2025-11-18 15:17:00+00:00,41.383399963378906
2025-11-18 15:18:00+00:00,41.34809875488281
2025-11-18 15:19:00+00:00,41.32500076293945
2025-11-18 15:20:00+00:00,41.275001525878906
2025-11-18 15:21:00+00:00,41.29499816894531
2025-11-18 15:22:00+00:00,41.29499816894531
2025-11-18 15:23:00+00:00,41.275001525878906
2025-11-18 15:24:00+00:00,41.310001373291016
2025-11-18 15:25:00+00:00,41.314998626708984
2025-11-18 15:26:00+00:00,41.28499984741211
2025-11-18 15:27:00+00:00,41.285099029541016
2025-11-18 15:28:00+00:00,41.32500076293945
2025-11-18 15:29:00+00:00,41.345001220703125
2025-11-18 15:30:00+00:00,41.3650016784668
2025-11-18 15:31:00+00:00,41.37030029296875
2025-11-18 15:32:00+00:00,41.380001068115234
2025-11-18 15:33:00+00:00,41.39500045776367
2025-11-18 15:34:00+00:00,41.3849983215332
2025-11-18 15:35:00+00:00,41.38999938964844
2025-11-18 15:36:00+00:00,41.375
2025-11-18 15:37:00+00:00,41.3650016784668
2025-11-18 15:38:00+00:00,41.3650016784668
2025-11-18 15:39:00+00:00,41.375
2025-11-18 15:40:00+00:00,41.35369873046875
2025-11-18 15:41:00+00:00,41.334999084472656
2025-11-18 15:42:00+00:00,41.334999084472656
2025-11-18 15:43:00+00:00,41.32500076293945
2025-11-18 15:44:00+00:00,41.334999084472656
2025-11-18 15:45:00+00:00,41.31999969482422
2025-11-18 15:46:00+00:00,41.320098876953125
2025-11-18 15:47:00+00:00,41.34510040283203
2025-11-18 15:48:00+00:00,41.35499954223633
2025-11-18 15:49:00+00:00,41.39500045776367
2025-11-18 15:50:00+00:00,41.38990020751953
2025-11-18 15:51:00+00:00,41.36009979248047
2025-11-18 15:52:00+00:00,41.32500076293945
2025-11-18 15:53:00+00:00,41.35499954223633
2025-11-18 15:54:00+00:00,41.34000015258789
2025-11-18 15:55:00+00:00,41.32500076293945
2025-11-18 15:56:00+00:00,41.334999084472656
2025-11-18 15:57:00+00:00,41.314998626708984
2025-11-18 15:58:00+00:00,41.32500076293945
2025-11-18 15:59:00+00:00,41.30500030517578
2025-11-18 16:00:00+00:00,41.32500076293945
2025-11-18 16:01:00+00:00,41.334999084472656
2025-11-18 16:02:00+00:00,41.28499984741211
2025-11-18 16:03:00+00:00,41.255001068115234
2025-11-18 16:04:00+00:00,41.2599983215332
2025-11-18 16:05:00+00:00,41.27000045776367
2025-11-18 16:06:00+00:00,41.22990036010742
2025-11-18 16:07:00+00:00,41.23500061035156
2025-11-18 16:08:00+00:00,41.17499923706055
2025-11-18 16:09:00+00:00,41.185001373291016
2025-11-18 16:10:00+00:00,41.17499923706055
2025-11-18 16:11:00+00:00,41.14500045776367
2025-11-18 16:12:00+00:00,41.15999984741211
2025-11-18 16:13:00+00:00,41.19499969482422
2025-11-18 16:14:00+00:00,41.22999954223633
2025-11-18 16:15:00+00:00,41.255001068115234
2025-11-18 16:16:00+00:00,41.224998474121094
2025-11-18 16:17:00+00:00,41.244998931884766
2025-11-18 16:18:00+00:00,41.23030090332031
2025-11-18 16:19:00+00:00,41.275001525878906
2025-11-18 16:20:00+00:00,41.32500076293945
2025-11-18 16:21:00+00:00,41.28499984741211
2025-11-18 16:22:00+00:00,41.28499984741211
2025-11-18 16:23:00+00:00,41.28499984741211
2025-11-18 16:24:00+00:00,41.290000915527344
2025-11-18 16:25:00+00:00,41.290000915527344
2025-11-18 16:26:00+00:00,41.29499816894531
2025-11-18 16:27:00+00:00,41.28739929199219
2025-11-18 16:28:00+00:00,41.290000915527344
2025-11-18 16:29:00+00:00,41.30500030517578
2025-11-18 16:30:00+00:00,41.279998779296875
2025-11-18 16:31:00+00:00,41.279998779296875
2025-11-18 16:32:00+00:00,41.244998931884766
2025-11-18 16:33:00+00:00,41.255001068115234
2025-11-18 16:34:00+00:00,41.23500061035156
2025-11-18 16:35:00+00:00,41.23500061035156
2025-11-18 16:36:00+00:00,41.265499114990234
2025-11-18 16:37:00+00:00,41.25
2025-11-18 16:38:00+00:00,41.23500061035156
2025-11-18 16:39:00+00:00,41.244998931884766
2025-11-18 16:40:00+00:00,41.23500061035156
2025-11-18 16:41:00+00:00,41.279998779296875
2025-11-18 16:42:00+00:00,41.26499938964844
2025-11-18 16:43:00+00:00,41.26499938964844
2025-11-18 16:44:00+00:00,41.279998779296875
2025-11-18 16:45:00+00:00,41.260101318359375
2025-11-18 16:46:00+00:00,41.28179931640625
2025-11-18 16:47:00+00:00,41.28499984741211
2025-11-18 16:48:00+00:00,41.29180145263672
2025-11-18 16:49:00+00:00,41.290000915527344
2025-11-18 16:50:00+00:00,41.275001525878906
2025-11-18 16:51:00+00:00,41.28499984741211
2025-11-18 16:52:00+00:00,41.287899017333984
2025-11-18 16:53:00+00:00,41.29999923706055
2025-11-18 16:54:00+00:00,41.29999923706055
2025-11-18 16:55:00+00:00,41.33000183105469
2025-11-18 16:56:00+00:00,41.334999084472656
2025-11-18 16:57:00+00:00,41.345001220703125
2025-11-18 16:58:00+00:00,41.35499954223633
2025-11-18 16:59:00+00:00,41.345001220703125
2025-11-18 17:00:00+00:00,41.3650016784668
2025-11-18 17:01:00+00:00,41.369998931884766
2025-11-18 17:02:00+00:00,41.345001220703125
2025-11-18 17:03:00+00:00,41.345001220703125
2025-11-18 17:04:00+00:00,41.3650016784668
2025-11-18 17:05:00+00:00,41.345001220703125
2025-11-18 17:06:00+00:00,41.369998931884766
2025-11-18 17:07:00+00:00,41.3650016784668
2025-11-18 17:08:00+00:00,41.36000061035156
2025-11-18 17:09:00+00:00,41.369998931884766
2025-11-18 17:10:00+00:00,41.3849983215332
2025-11-18 17:11:00+00:00,41.3650016784668
2025-11-18 17:12:00+00:00,41.36579895019531
2025-11-18 17:13:00+00:00,41.3650016784668
2025-11-18 17:14:00+00:00,41.355899810791016
2025-11-18 17:15:00+00:00,41.36000061035156
2025-11-18 17:16:00+00:00,41.36000061035156
2025-11-18 17:17:00+00:00,41.35499954223633
2025-11-18 17:18:00+00:00,41.36000061035156
2025-11-18 17:19:00+00:00,41.35499954223633
2025-11-18 17:20:00+00:00,41.35499954223633
2025-11-18 17:21:00+00:00,41.36000061035156
2025-11-18 17:22:00+00:00,41.334999084472656
2025-11-18 17:23:00+00:00,41.334999084472656
2025-11-18 17:24:00+00:00,41.36000061035156
2025-11-18 17:25:00+00:00,41.375
2025-11-18 17:26:00+00:00,41.379798889160156
2025-11-18 17:27:00+00:00,41.38999938964844
2025-11-18 17:28:00+00:00,41.38999938964844
2025-11-18 17:29:00+00:00,41.375
2025-11-18 17:30:00+00:00,41.380001068115234
2025-11-18 17:31:00+00:00,41.35499954223633
2025-11-18 17:32:00+00:00,41.372501373291016
2025-11-18 17:33:00+00:00,41.375
2025-11-18 17:34:00+00:00,41.369998931884766
2025-11-18 17:35:00+00:00,41.3650016784668
2025-11-18 17:36:00+00:00,41.3849983215332
2025-11-18 17:37:00+00:00,41.375
2025-11-18 17:38:00+00:00,41.39440155029297
2025-11-18 17:39:00+00:00,41.3849983215332
2025-11-18 17:40:00+00:00,41.3650016784668
2025-11-18 17:41:00+00:00,41.400001525878906
2025-11-18 17:42:00+00:00,41.3849983215332
2025-11-18 17:43:00+00:00,41.38999938964844
2025-11-18 17:44:00+00:00,41.385101318359375
2025-11-18 17:45:00+00:00,41.38999938964844
2025-11-18 17:46:00+00:00,41.39179992675781
2025-11-18 17:47:00+00:00,41.400001525878906
2025-11-18 17:48:00+00:00,41.39500045776367
2025-11-18 17:49:00+00:00,41.400001525878906
2025-11-18 17:50:00+00:00,41.39500045776367
2025-11-18 17:51:00+00:00,41.400001525878906
2025-11-18 17:52:00+00:00,41.39500045776367
2025-11-18 17:53:00+00:00,41.3849983215332
2025-11-18 17:54:00+00:00,41.400001525878906
2025-11-18 17:55:00+00:00,41.39500045776367
2025-11-18 17:56:00+00:00,41.39500045776367
2025-11-18 17:57:00+00:00,41.3849983215332
2025-11-18 17:58:00+00:00,41.3849983215332
2025-11-18 17:59:00+00:00,41.404998779296875
2025-11-18 18:00:00+00:00,41.42499923706055
2025-11-18 18:01:00+00:00,41.415000915527344
2025-11-18 18:02:00+00:00,41.42499923706055
2025-11-18 18:03:00+00:00,41.44499969482422
2025-11-18 18:04:00+00:00,41.44499969482422
2025-11-18 18:05:00+00:00,41.435001373291016
2025-11-18 18:06:00+00:00,41.415000915527344
2025-11-18 18:07:00+00:00,41.39500045776367
2025-11-18 18:08:00+00:00,41.39500045776367
2025-11-18 18:09:00+00:00,41.39649963378906
2025-11-18 18:10:00+00:00,41.40999984741211
2025-11-18 18:11:00+00:00,41.400001525878906
2025-11-18 18:12:00+00:00,41.396400451660156
2025-11-18 18:13:00+00:00,41.3849983215332
2025-11-18 18:14:00+00:00,41.39500045776367
2025-11-18 18:15:00+00:00,41.39500045776367
2025-11-18 18:16:00+00:00,41.39500045776367
2025-11-18 18:17:00+00:00,41.3849983215332
2025-11-18 18:18:00+00:00,41.39500045776367
2025-11-18 18:19:00+00:00,41.3931999206543
2025-11-18 18:20:00+00:00,41.3849983215332
2025-11-18 18:21:00+00:00,41.3849983215332
2025-11-18 18:22:00+00:00,41.375
2025-11-18 18:23:00+00:00,41.404998779296875
2025-11-18 18:24:00+00:00,41.404998779296875
2025-11-18 18:25:00+00:00,41.415000915527344
2025-11-18 18:26:00+00:00,41.39500045776367
2025-11-18 18:27:00+00:00,41.39500045776367
2025-11-18 18:28:00+00:00,41.39500045776367
2025-11-18 18:29:00+00:00,41.415000915527344
2025-11-18 18:30:00+00:00,41.404998779296875
2025-11-18 18:31:00+00:00,41.404998779296875
2025-11-18 18:32:00+00:00,41.415000915527344
2025-11-18 18:33:00+00:00,41.42499923706055
2025-11-18 18:34:00+00:00,41.43000030517578
2025-11-18 18:35:00+00:00,41.42499923706055
2025-11-18 18:36:00+00:00,41.42259979248047
2025-11-18 18:37:00+00:00,41.435001373291016
2025-11-18 18:38:00+00:00,41.44499969482422
2025-11-18 18:39:00+00:00,41.45500183105469
2025-11-18 18:40:00+00:00,41.470001220703125
2025-11-18 18:41:00+00:00,41.46630096435547
2025-11-18 18:42:00+00:00,41.441001892089844
2025-11-18 18:43:00+00:00,41.44499969482422
2025-11-18 18:44:00+00:00,41.440101623535156
2025-11-18 18:45:00+00:00,41.435001373291016
2025-11-18 18:46:00+00:00,41.43000030517578
2025-11-18 18:47:00+00:00,41.41999816894531
2025-11-18 18:48:00+00:00,41.439998626708984
2025-11-18 18:49:00+00:00,41.459999084472656
2025-11-18 18:50:00+00:00,41.45500183105469
2025-11-18 18:51:00+00:00,41.470001220703125
2025-11-18 18:52:00+00:00,41.474998474121094
2025-11-18 18:53:00+00:00,41.48500061035156
2025-11-18 18:54:00+00:00,41.46500015258789
2025-11-18 18:55:00+00:00,41.45500183105469
2025-11-18 18:56:00+00:00,41.46500015258789
2025-11-18 18:57:00+00:00,41.45500183105469
2025-11-18 18:58:00+00:00,41.46500015258789
2025-11-18 18:59:00+00:00,41.455101013183594
2025-11-18 19:00:00+00:00,41.449798583984375
2025-11-18 19:01:00+00:00,41.45500183105469
2025-11-18 19:02:00+00:00,41.42499923706055
2025-11-18 19:03:00+00:00,41.424800872802734
2025-11-18 19:04:00+00:00,41.404998779296875
2025-11-18 19:05:00+00:00,41.41999816894531
2025-11-18 19:06:00+00:00,41.43000030517578
2025-11-18 19:07:00+00:00,41.42390060424805
2025-11-18 19:08:00+00:00,41.415000915527344
2025-11-18 19:09:00+00:00,41.404998779296875
2025-11-18 19:10:00+00:00,41.404998779296875
2025-11-18 19:11:00+00:00,41.370201110839844
2025-11-18 19:12:00+00:00,41.3849983215332
2025-11-18 19:13:00+00:00,41.400001525878906
2025-11-18 19:14:00+00:00,41.41210174560547
2025-11-18 19:15:00+00:00,41.404998779296875
2025-11-18 19:16:00+00:00,41.41999816894531
2025-11-18 19:17:00+00:00,41.404998779296875
2025-11-18 19:18:00+00:00,41.404998779296875
2025-11-18 19:19:00+00:00,41.410301208496094
2025-11-18 19:20:00+00:00,41.375
2025-11-18 19:21:00+00:00,41.38999938964844
2025-11-18 19:22:00+00:00,41.400001525878906
2025-11-18 19:23:00+00:00,41.39500045776367
2025-11-18 19:24:00+00:00,41.39500045776367
2025-11-18 19:25:00+00:00,41.39580154418945
2025-11-18 19:26:00+00:00,41.415000915527344
2025-11-18 19:27:00+00:00,41.415000915527344
2025-11-18 19:28:00+00:00,41.39500045776367
2025-11-18 19:29:00+00:00,41.39500045776367
2025-11-18 19:30:00+00:00,41.3650016784668
2025-11-18 19:31:00+00:00,41.36000061035156
2025-11-18 19:32:00+00:00,41.355499267578125
2025-11-18 19:33:00+00:00,41.36579895019531
2025-11-18 19:34:00+00:00,41.35449981689453
2025-11-18 19:35:00+00:00,41.31999969482422
2025-11-18 19:36:00+00:00,41.345001220703125
2025-11-18 19:37:00+00:00,41.34000015258789
2025-11-18 19:38:00+00:00,41.375
2025-11-18 19:39:00+00:00,41.375
2025-11-18 19:40:00+00:00,41.380001068115234
2025-11-18 19:41:00+00:00,41.404998779296875
2025-11-18 19:42:00+00:00,41.404998779296875
2025-11-18 19:43:00+00:00,41.404998779296875
2025-11-18 19:44:00+00:00,41.39500045776367
2025-11-18 19:45:00+00:00,41.39500045776367
2025-11-18 19:46:00+00:00,41.38719940185547
2025-11-18 19:47:00+00:00,41.3849983215332
2025-11-18 19:48:00+00:00,41.375
2025-11-18 19:49:00+00:00,41.375
2025-11-18 19:50:00+00:00,41.39590072631836
2025-11-18 19:51:00+00:00,41.40520095825195
2025-11-18 19:52:00+00:00,41.40999984741211
2025-11-18 19:53:00+00:00,41.404998779296875
2025-11-18 19:54:00+00:00,41.39500045776367
2025-11-18 19:55:00+00:00,41.41790008544922
2025-11-18 19:56:00+00:00,41.435001373291016
2025-11-18 19:57:00+00:00,41.4650993347168
2025-11-18 19:58:00+00:00,41.459999084472656
2025-11-18 19:59:00+00:00,41.44499969482422
2025-11-18 20:00:00+00:00,41.459999084472656
2025-11-18 20:01:00+00:00,41.44499969482422
2025-11-18 20:02:00+00:00,41.45500183105469
2025-11-18 20:03:00+00:00,41.46189880371094
2025-11-18 20:04:00+00:00,41.44499969482422
2025-11-18 20:05:00+00:00,41.439998626708984
2025-11-18 20:06:00+00:00,41.38999938964844
2025-11-18 20:07:00+00:00,41.42499923706055
2025-11-18 20:08:00+00:00,41.415000915527344
2025-11-18 20:09:00+00:00,41.42499923706055
2025-11-18 20:10:00+00:00,41.44499969482422
2025-11-18 20:11:00+00:00,41.45500183105469
2025-11-18 20:12:00+00:00,41.44990158081055
2025-11-18 20:13:00+00:00,41.435001373291016
2025-11-18 20:14:00+00:00,41.42499923706055
2025-11-18 20:15:00+00:00,41.435001373291016
2025-11-18 20:16:00+00:00,41.42499923706055
2025-11-18 20:17:00+00:00,41.43000030517578
2025-11-18 20:18:00+00:00,41.435001373291016
2025-11-18 20:19:00+00:00,41.435001373291016
2025-11-18 20:20:00+00:00,41.44499969482422
2025-11-18 20:21:00+00:00,41.435001373291016
2025-11-18 20:22:00+00:00,41.435001373291016
2025-11-18 20:23:00+00:00,41.44499969482422
2025-11-18 20:24:00+00:00,41.435001373291016
2025-11-18 20:25:00+00:00,41.44499969482422
2025-11-18 20:26:00+00:00,41.45000076293945
2025-11-18 20:27:00+00:00,41.42499923706055
2025-11-18 20:28:00+00:00,41.435001373291016
2025-11-18 20:29:00+00:00,41.42499923706055
2025-11-18 20:30:00+00:00,41.45000076293945
2025-11-18 20:31:00+00:00,41.435001373291016
2025-11-18 20:32:00+00:00,41.435001373291016
2025-11-18 20:33:00+00:00,41.42499923706055
2025-11-18 20:34:00+00:00,41.42499923706055
2025-11-18 20:35:00+00:00,41.439998626708984
2025-11-18 20:36:00+00:00,41.44499969482422
2025-11-18 20:37:00+00:00,41.46500015258789
2025-11-18 20:38:00+00:00,41.474998474121094
2025-11-18 20:39:00+00:00,41.4900016784668
2025-11-18 20:40:00+00:00,41.48249816894531
2025-11-18 20:41:00+00:00,41.47999954223633
2025-11-18 20:42:00+00:00,41.474998474121094
2025-11-18 20:43:00+00:00,41.474998474121094
2025-11-18 20:44:00+00:00,41.45500183105469
2025-11-18 20:45:00+00:00,41.44499969482422
2025-11-18 20:46:00+00:00,41.44499969482422
2025-11-18 20:47:00+00:00,41.45500183105469
2025-11-18 20:48:00+00:00,41.44499969482422
2025-11-18 20:49:00+00:00,41.42499923706055
2025-11-18 20:50:00+00:00,41.435001373291016
2025-11-18 20:51:00+00:00,41.44499969482422
2025-11-18 20:52:00+00:00,41.46500015258789
2025-11-18 20:53:00+00:00,41.45500183105469
2025-11-18 20:54:00+00:00,41.45000076293945
2025-11-18 20:55:00+00:00,41.46500015258789
2025-11-18 20:56:00+00:00,41.477500915527344
2025-11-18 20:57:00+00:00,41.47999954223633
2025-11-18 20:58:00+00:00,41.470001220703125
2025-11-18 20:59:00+00:00,41.4900016784668
